advertiser_name	advertiser_disclosure	platform_advertiser_id	platform_name	country_code_filter	country_name_filter	ad_count	advertiser_count	high_impressions	low_impressions	high_spend	low_spend
MoVimento 5 Stelle	MoVimento 5 Stelle	174457180812	Facebook	IT	Italy	19	1	9610309	4404722	42375	10198
Silvio Berlusconi	Silvio Berlusconi	116716651695782	Facebook	IT	Italy	68	1	7310930	3057999	36432	7799
Avaaz	Avaaz	8340223883	Facebook	IT	Italy	33	1	7040964	3106998	28866	9799
Carlo Calenda	Siamo Europei	131887960826264	Facebook	IT	Italy	11	1	6199953	2939982	27388	5999
European Parliament	European Parliament	178362315106	Facebook	IT	Italy	11	1	5815188	2832415	32395	6441
Massimiliano Santini	Massimiliano Ghelfi	389585871653842	Facebook	IT	Italy	115	1	5301885	2127000	23385	4100
Caterina Cerroni	Caterina Cerroni	1618719834925589	Facebook	IT	Italy	25	1	5245971	2507998	33274	7399
Partito Democratico	Partito Democratico	77034286895	Facebook	IT	Italy	57	1	4967940	2232998	26042	4699
Giorgia Meloni	Fratelli d'Italia	38919827644	Facebook	IT	Italy	21	1	4949979	2120000	28779	6600
European Commission	European Commission	107898832590939	Facebook	IT	Italy	30	1	4576687	2048858	6372	1761
Matteo Salvini	Lega - Salvini Premier	252306033154	Facebook	IT	Italy	11	1	4299746	2069902	22686	4499
Forza Italia	Forza Italia	172265396249029	Facebook	IT	Italy	10	1	3400988	1469999	10189	2899
Fratelli d'Italia	Fratelli d'Italia	355710427861591	Facebook	IT	Italy	30	1	3115970	1212999	17469	4499
Angelo Ciocca	Angelo Ciocca	479212098810360	Facebook	IT	Italy	11	1	3109989	1374999	23688	5299
Brando Benifei	Brando Benifei	291380024325396	Facebook	IT	Italy	27	1	2713972	1096999	17572	4099
Giuliano Pisapia	Giuliano Pisapia	112352038802143	Facebook	IT	Italy	18	1	2602980	1148999	8382	1700
Più Europa	Più Europa	126662574668084	Facebook	IT	Italy	9	1	2559992	1135000	13391	3500
EPP - European People's Party	EPP - European People's Party	48034275355	Facebook	IT	Italy	35	1	2501924	1031791	6453	1748
European Greens	European Greens	141366725876424	Facebook	IT	Italy	11	1	2486528	1043866	12188	2992
Lara Comi	Lara Comi	155619044465389	Facebook	IT	Italy	21	1	2357979	971000	12279	2600
Caterina Avanza	Partito Democratico - Caterina Avanza	623847078064207	Facebook	IT	Italy	33	1	2310967	882000	16567	4700
Nicola Fratoianni	Nicola Fratoianni	116181541819083	Facebook	IT	Italy	13	1	2299987	990000	5386	1299
Nicola Clerici europee 2019 M5S	Nicola Clerici	2340174086227422	Facebook	IT	Italy	37	1	2210778	706946	11862	2599
Nicola Zingaretti	Partito Democratico	38423524033	Facebook	IT	Italy	5	1	2199995	900000	2495	500
Antonio Silvio Calò	Antonio Silvio Calò	740380199679755	Facebook	IT	Italy	17	1	1825601	717852	5081	1399
Partito del Socialismo Europeo	Partito del Socialismo Europeo	1891926127734235	Facebook	IT	Italy	12	1	1809987	794999	2788	400
Simona Bonafè	Simona Bonafè	145437958954905	Facebook	IT	Italy	35	1	1806964	631999	13664	2599
Annalisa Corrado	ANNALISA CORRADO (mandataria elettorale Serena Drigo)	152120842162775	Facebook	IT	Italy	111	1	1783888	588999	11788	199
Francesco Galtieri	Francesco Galtieri	176134109106348	Facebook	IT	Italy	20	1	1728979	720999	5580	900
Più Europa Vercelli	Carloalberto Polidori	527235457776008	Facebook	IT	Italy	14	1	1561849	671951	8285	1499
Alberto Cirio	RedAbissi	1391061901114543	Facebook	IT	Italy	48	1	1545952	454999	10751	1500
Matilde Montaudo, cittadina a 5 stelle	Matilde Ada Montaudo	492569564129501	Facebook	IT	Italy	27	1	1480972	607999	5972	1100
Paola Testori	Paola Testori	658895384568072	Facebook	IT	Italy	54	1	1468946	411999	10945	1400
Nicola Danti	Nicola Danti	241424056063716	Facebook	IT	Italy	37	1	1446963	430000	8863	1300
Renate Holzeisen	Team Köllensperger	840785932926956	Facebook	IT	Italy	32	1	1412387	440878	4765	399
Save the Children Italia	Save the Children Italia	46590675335	Facebook	IT	Italy	6	1	1359992	564999	3193	1199
Carmine Spiaggia	Carmine Spiaggia	425820797979047	Facebook	IT	Italy	4	1	1299995	549999	6995	1699
Raffaella Bonsangue	Giuseppe Mangano, mandatario elettorale Avv. Raffaella Bonsangue	963373667373045	Facebook	IT	Italy	13	1	1256986	500999	8186	1499
Nicola Magi	Nicola Magi	329290881102446	Facebook	IT	Italy	5	1	1249994	579999	1294	200
Dino Giarrusso	Dino Giarrusso	987371561280376	Facebook	IT	Italy	6	1	1249994	480000	6294	1200
Costanza Hermanin	Costanza Hermanin 	1424214351021211	Facebook	IT	Italy	7	1	1219993	480000	1493	200
Andrea Cozzolino	Andrea Cozzolino	1449151341981719	Facebook	IT	Italy	18	1	1219982	430000	5782	1000
Carmela Rescigno	Carmela Rescigno	434358993998139	Facebook	IT	Italy	15	1	1164984	475999	4685	800
Matteo Gazzini	Matteo Gazzini	204493693449796	Facebook	IT	Italy	38	1	1149706	311927	6161	599
Federica Picchi	Federica Picchi	362494797700891	Facebook	IT	Italy	32	1	1143967	365999	6467	1099
Daniele Viotti	Daniele Viotti	138574576313444	Facebook	IT	Italy	17	1	1134983	416000	3283	400
Amnesty International - Italia	Amnesty International - Italia	39993728498	Facebook	IT	Italy	9	1	1119991	450000	1691	200
Elisabetta Gualmini	Elisabetta Gualmini	822028764839310	Facebook	IT	Italy	14	1	1070985	459999	5585	1599
Daniela Santanchè	Daniela Garnero Santanchè	56413702888	Facebook	IT	Italy	21	1	1061979	351000	5378	1100
Alessandra Nardini	Alessandra Nardini	1393257504323165	Facebook	IT	Italy	21	1	1057979	433000	4479	600
Carmine Pacente	Carmelo Iannicelli	218066501942820	Facebook	IT	Italy	33	1	1037966	224999	3267	0
Skuola.net	Skuola.net	126578555602	Facebook	IT	Italy	11	1	1004989	411000	2289	300
Michela Giuffrida	Michela Giuffrida	656848937718109	Facebook	IT	Italy	37	1	1002963	239000	5662	500
Videodrome	Videodrome	1773694896182795	Facebook	IT	Italy	43	1	975956	233000	4257	0
Deputati PD	Deputati PD	104652392900508	Facebook	IT	Italy	23	1	971946	199984	2276	0
Paolo De Castro	Paolo De Castro	441907505922632	Facebook	IT	Italy	24	1	970976	302000	3976	400
VoteEuropa Italia	Ayoub Lahouioui	259302014838779	Facebook	IT	Italy	8	1	951849	459931	2791	499
Aldo Patriciello	Aldo Patriciello	40645773554	Facebook	IT	Italy	10	1	950989	429999	4189	799
Orlando Amodeo per Europa Verde	Orlando Amodeo	397286324156859	Facebook	IT	Italy	11	1	950989	400000	4688	899
Valerio Zoggia	Valerio Zoggia	174166786029904	Facebook	IT	Italy	8	1	949991	459999	4092	1100
Mara Bizzotto Pagina Ufficiale	Mara Bizzotto	206708532746370	Facebook	IT	Italy	12	1	949987	339999	2787	399
Cécile  Kyenge Kashetu	Cécile  Kyenge Kashetu	191585464317302	Facebook	IT	Italy	25	1	921975	308000	8175	1200
Patrizia Toia	Patrizia Ferma Francesca Toia	519219611453854	Facebook	IT	Italy	26	1	884974	252000	3374	200
Emma Bonino	Emma Bonino	9005388225	Facebook	IT	Italy	4	1	849996	360000	6996	1700
Dipartimento per le politiche giovanili e il servizio civile universale – Presidenza del Consiglio dei Ministri	Dipartimento per le politiche giovanili e il servizio civile universale – Presidenza del Consiglio dei Ministri	353868374653514	Facebook	IT	Italy	15	1	844985	361000	2284	199
Luciano Nobili	Luciano Nobili	406187203142799	Facebook	IT	Italy	26	1	822968	181998	2573	0
Greenpeace Italia	Greenpeace Italia	35346524498	Facebook	IT	Italy	15	1	809985	225000	1485	0
Rosanna Conte	Rosanna Conte - Candidata della Lega	1035757379850845	Facebook	IT	Italy	140	1	808840	194994	13859	0
Lorenzo Cesa	Lorenzo Cesa	538632706513878	Facebook	IT	Italy	35	1	802965	193000	4265	200
Jacopo Alberti Consigliere Regionale LEGA Salvini Toscana	JACOPO ALBERTI	1583213175233477	Facebook	IT	Italy	10	1	799989	340000	4190	800
Sosventurini	Antonfrancesco Venturini 	405956940133035	Facebook	IT	Italy	13	1	776987	371000	4087	700
Francesca Puglisi	Francesca Puglisi	196965250328047	Facebook	IT	Italy	5	1	749994	279999	2494	499
ISPI - Istituto per gli studi di politica internazionale	ISPI - Istituto per gli studi di politica internazionale	171795872872353	Facebook	IT	Italy	10	1	714989	265999	1789	200
Gianni Farina	Gianni Farina	340847436775181	Facebook	IT	Italy	10	1	711990	295000	2990	500
Virginia Puzzolo	Virginia Puzzolo	1950051888380307	Facebook	IT	Italy	47	1	710951	170999	5452	200
Isabella De Monte	Walter Godina - Mandatario Elettorale di Isabella De Monte	152661171597544	Facebook	IT	Italy	18	1	710947	246993	5781	999
Andrea Caroppo	Andrea Caroppo	381061375420543	Facebook	IT	Italy	13	1	709986	231999	4086	699
Antonio Tajani	Antonio Tajani	506531149512596	Facebook	IT	Italy	13	1	705986	200999	2486	299
Gianantonio Da Re		423472904417850	Facebook	IT	Italy	4	1	700996	300000	795	100
Sergio Pirozzi		138470909670284	Facebook	IT	Italy	2	1	699997	299999	597	99
Corradino Mineo	Danila Tarantino	429319385345	Facebook	IT	Italy	45	1	697954	159999	4454	0
Pina Picierno	SocialCom	212896992084952	Facebook	IT	Italy	39	1	680961	198000	4261	100
Federica Sabbati	Federica Sabbati	834884563535291	Facebook	IT	Italy	17	1	672574	196918	5678	999
Achille Variati	Achille Variati	478212418874107	Facebook	IT	Italy	12	1	669988	229999	3188	500
Fabrizio Ghera	Fabrizio Ghera	1803487999879591	Facebook	IT	Italy	27	1	666967	213998	3872	300
Donato Forcillo - candidato Parlamento Europeo M5S - Sardegna/Sicilia	Donato Forcillo	348043952450383	Facebook	IT	Italy	47	1	659952	154999	5053	100
Roberto Rosso	Roberto Rosso	1735684256653359	Facebook	IT	Italy	7	1	655993	311000	7293	1700
Massimo Paolucci	Massimo Paolucci	417241311803541	Facebook	IT	Italy	12	1	649987	160000	1588	100
Paul Köllensperger	Team Koellensperger	779347678751107	Facebook	IT	Italy	17	1	641822	223948	3282	399
Cristiano Zanella	Cristiano Zanella	1051393861711144	Facebook	IT	Italy	14	1	636985	225999	3485	800
Sergio Chiamparino	Andrea Maccagno	263544377156823	Facebook	IT	Italy	13	1	630987	195000	2087	200
Nicola Caputo	Nicola Caputo	1439514556290274	Facebook	IT	Italy	30	1	626969	145999	2969	0
Angela Russo	Angela Russo 	1624334387651107	Facebook	IT	Italy	17	1	610983	170000	2082	100
Zambelli_Stefania Lega	Stefania Zambelli 	2188617797870832	Facebook	IT	Italy	10	1	605984	240998	2989	499
Lina Novelli Elezioni Europee 2019	Stefano Stefanoni 	525398527864941	Facebook	IT	Italy	4	1	604995	220999	395	0
Massimiliano Smeriglio	Massimiliano Smeriglio	182266801912488	Facebook	IT	Italy	29	1	604971	154000	2871	0
Giancarlo Cerrelli	Giancarlo Cerrelli 	721617177928574	Facebook	IT	Italy	14	1	579986	125000	1786	100
Susanna Ceccardi	Susanna Ceccardi	257113927825642	Facebook	IT	Italy	7	1	549992	199999	1892	300
Federazione Verdi	Federazione Verdi	142589879147197	Facebook	IT	Italy	17	1	537982	115999	2082	99
Festival Psicologia	Ordine degli Psicologi del Lazio	375703235973864	Facebook	IT	Italy	11	1	536714	262862	1488	100
Mauro Parolini	Mauro Parolini 	179225584042	Facebook	IT	Italy	38	1	534758	135953	3761	0
Diego Sarno	Diego Sarno	44296617275	Facebook	IT	Italy	18	1	525982	179999	4182	600
Matteo Gagliasso	Matteo Gagliasso	1546887325441954	Facebook	IT	Italy	11	1	520906	169958	2688	399
Marco Racca	Marco Racca	2341721169486171	Facebook	IT	Italy	13	1	516986	135999	4086	699
Pietro Fiocchi	Pietro Fiocchi	877595239247631	Facebook	IT	Italy	21	1	515974	135997	2078	0
Andrea Rossi	Andrea Rossi	405291650226189	Facebook	IT	Italy	51	1	510949	135000	5449	100
Giuseppe Cossalter	Giuseppe Cossalter	1981132658773307	Facebook	IT	Italy	4	1	504996	251000	396	0
Ufficio d'informazione in Italia del Parlamento europeo	Ufficio d'informazione in Italia del Parlamento europeo	143544514130	Facebook	IT	Italy	2	1	500998	199999	598	100
Roberto Battiston in Europa	Corrado Denaro	1088184664716532	Facebook	IT	Italy	7	1	500992	189999	1492	199
Irene Tinagli	Siamo Europei	142983109068196	Facebook	IT	Italy	1	1	499999	200000	4999	1000
Il golpe Gentiloni		1299858193475119	Facebook	IT	Italy	1	1	499999	200000	4999	1000
Federico Perugini	Federico Perugini	356449288308129	Facebook	IT	Italy	34	1	491966	164000	5866	899
Cittadini per Depaoli Sindaco	Cittadini	695550523822101	Facebook	IT	Italy	11	1	484985	162998	2288	299
Caio Mussolini	Caio Mussolini	2393234914229651	Facebook	IT	Italy	10	1	466990	183000	2189	299
Antonio Brunetto	Antonio Brunetto	1906734892742698	Facebook	IT	Italy	8	1	454992	150999	2392	399
Silvio Magliano - Un amico in Comune, in Regione	RedHab	121968754543798	Facebook	IT	Italy	17	1	454982	97000	2483	199
Genova che osa	Genova che osa	1538926219695299	Facebook	IT	Italy	20	1	449980	111000	1980	0
Andrea Vannucci per Firenze	Andrea Vannucci	547494135363560	Facebook	IT	Italy	16	1	446984	98000	1984	100
Alliance of Conservatives and Reformists in Europe	ACRE 	134931073377586	Facebook	IT	Italy	3	1	446133	222317	253	47
Silvia Sardone	Silvia Sardone	667483386685540	Facebook	IT	Italy	15	1	444985	95000	1485	0
Dante Cattaneo	Dante Cattaneo	256298824546192	Facebook	IT	Italy	27	1	441655	114909	3071	99
Gian Carlo Muzzarelli per Modena	Gian Carlo Muzzarelli per Modena	647691558631437	Facebook	IT	Italy	9	1	434991	186000	2091	300
Uniti per Biella	Uniti per Biella	1413156242277276	Facebook	IT	Italy	25	1	429975	107000	2475	0
Coalizione Civica Ferrara	Coalizione Civica per Ferrara	431281497628012	Facebook	IT	Italy	12	1	420988	87000	3187	500
Giosi Ferrandino	Giosi Ferrandino	141856142632410	Facebook	IT	Italy	9	1	419991	120000	1291	100
Danilo Oscar Lancini	Danilo Oscar Lancini	247390032110856	Facebook	IT	Italy	15	1	409965	93990	2284	200
Pierfrancesco Majorino	Pierfrancesco Majorino	194123260626794	Facebook	IT	Italy	22	1	407978	105000	2177	0
Greens/EFA in the European Parliament	Greens/EFA in the European Parliament	150527751674751	Facebook	IT	Italy	24	1	407362	147481	1165	135
Ilenia Rento		316884152265156	Facebook	IT	Italy	21	1	398979	114000	3279	300
Centioni Alessia Europee 2019	SocialCom	1249137568574869	Facebook	IT	Italy	19	1	394981	96999	2681	200
Camilla Laureti	Camilla Laureti	1718838531535765	Facebook	IT	Italy	17	1	380971	120997	2082	100
Salvatore Cicu	Salvatore Cicu	229261087280641	Facebook	IT	Italy	5	1	369995	170000	1295	200
Andrea Ventura per la Sinistra	Andrea Ventura	2128020000585703	Facebook	IT	Italy	12	1	367987	75999	1187	0
Elena Gentile	Elena Gentile	1426435657576038	Facebook	IT	Italy	6	1	359994	135000	1794	300
Roberto Gualtieri	Roberto Gualtieri	659891870744756	Facebook	IT	Italy	18	1	359981	82999	2182	100
European Free Alliance	European Free Alliance	46708306425	Facebook	IT	Italy	5	1	357298	173460	2381	436
Michela Sciurpa	Michela Sciurpa tramite mandatario elettorale Gian Luca Laurenzi, nato a Perugia il 21.09.1964 LRNGLC64P21G478O con nomina ed accettazione depositata il data 09.04.2019 alla Corte d’Appello di Perugia	317033212339928	Facebook	IT	Italy	6	1	351993	129999	1393	199
Anna Maria Bernini	Anna Maria Bernini	146169045979888	Facebook	IT	Italy	29	1	350970	71999	2870	0
Carte D'Or	Unilever	554943434517746	Facebook	IT	Italy	6	1	349994	100000	2994	600
Stefano Passarini	Stefano Passarini	573828172688916	Facebook	IT	Italy	24	1	344969	79998	2375	0
Giulia Pastorella	Giulia Pastorella | Europa per Scelta	2233320866726559	Facebook	IT	Italy	14	1	342986	77000	1386	0
Luciano Pizzoni Sindaco	Luciano Pizzoni Sindaco	2408453165855171	Facebook	IT	Italy	15	1	334985	72000	1485	0
Aldo Modonesi	Comitato Elettorale Aldo Modonesi Sindaco	300621720600910	Facebook	IT	Italy	8	1	319992	69999	1192	100
Federico Pizzarotti	Federico Pizzarotti	258372870902870	Facebook	IT	Italy	8	1	319991	69999	1191	100
Verdi Firenze	VERDI FIRENZE	237052423729117	Facebook	IT	Italy	8	1	314992	66000	792	0
Sindaco di Avola - Luca Cannata	Avola la nostra terra	560317800682461	Facebook	IT	Italy	7	1	309993	64999	693	0
Pier Luigi Mottinelli	Pier Luigi Mottinelli	1999539790166556	Facebook	IT	Italy	11	1	300946	74990	1488	100
Mario Razzanelli		266772436839839	Facebook	IT	Italy	2	1	299998	150000	998	200
Stefano Pastorelli - Lega	Stefano Pastorelli	42425772121	Facebook	IT	Italy	3	1	299996	119999	696	100
Alessandro Panza	Alessandro Panza	394832128017774	Facebook	IT	Italy	3	1	299841	119943	1096	199
Damiano Bormolini	Enrico Gobbi	286055062304030	Facebook	IT	Italy	4	1	299034	119625	1989	398
Democrazia Solidale - DEMOS	Paolo Ciani 	1497251783844508	Facebook	IT	Italy	27	1	295973	72000	2673	0
Lia Orfei	Lia Orfei	574133089748488	Facebook	IT	Italy	10	1	285968	65994	1389	99
Geri Ballo	Gerarta Ballo	2261381937462680	Facebook	IT	Italy	13	1	284986	91999	2086	200
Alessandra Senatore	Domenico Campeglia	668311250269031	Facebook	IT	Italy	22	1	280977	64000	2177	0
Herbert Dorfmann	Herbert Dorfmann	1560429730868291	Facebook	IT	Italy	8	1	279992	92000	1192	100
ALDE Party – Liberals and Democrats for Europe	ALDE Party – Liberals and Democrats for Europe	262681199589	Facebook	IT	Italy	3	1	271715	113398	549	242
Matteo Biffoni	Comitato elettorale Matteo Biffoni Sindaco.	1447603378788857	Facebook	IT	Italy	24	1	270976	77000	2376	0
Marco Ciurcina	Marco Ciurcina	554685015057710	Facebook	IT	Italy	7	1	269993	114000	1893	300
Elisabetta Gardini	Elisabetta Gardini	114266221965026	Facebook	IT	Italy	8	1	269992	57000	1192	100
Andrea Tronzano	The Flag srl	321173954632439	Facebook	IT	Italy	7	1	269992	86999	1493	200
Europa Verde	Europa Verde	593847704462763	Facebook	IT	Italy	13	1	269987	115000	1687	100
Paolo Borchia	Paolo Borchia	577383699442272	Facebook	IT	Italy	5	1	265995	116000	1395	500
Sergio Tommasini Sindaco	Sergio Tommasini Sindaco	220805388637106	Facebook	IT	Italy	8	1	264992	53000	1992	300
Fabio Candalice	Fabio Candalice	929896213793987	Facebook	IT	Italy	8	1	264992	53000	1192	100
Nadia Sgro	Nadia Sgro	276613263243127	Facebook	IT	Italy	7	1	264992	55999	692	0
Alternativa Popolare		174312339435062	Facebook	IT	Italy	4	1	264954	115979	795	99
Gigi Casciello	Luigi Casciello	826579060729311	Facebook	IT	Italy	3	1	259997	114999	1097	200
Matteo Renzi	Matteo Renzi	113335124914	Facebook	IT	Italy	5	1	259995	85000	895	100
Verdi di Modena	Paolo Silingardi 	1585669864794758	Facebook	IT	Italy	6	1	259994	55000	2594	500
Valeria Di Nino - Candidata M5S Elezioni Europee - Sud	Valeria Di Nino	346634905977977	Facebook	IT	Italy	5	1	254994	80999	895	100
Antonio Castello	Antonio Castello	452764018806467	Facebook	IT	Italy	7	1	251993	49999	1092	100
Simone Di Stefano		294385027332061	Facebook	IT	Italy	2	1	249998	110000	598	100
Ubaldo Bocci	Ubaldo Bocci	549986188855910	Facebook	IT	Italy	4	1	249995	79999	1596	300
Raffaele Bene.	Raffaele Bene 	487209295147668	Facebook	IT	Italy	5	1	249995	50000	495	0
Matteo Iannitti	Ianniti Matteo Domenico	321246931898034	Facebook	IT	Italy	10	1	249990	62000	990	0
Carla Franchini	MIRTA QUAGLIAROLI, Mandatario elettorale del candidato  Carla Franchini	686106498236150	Facebook	IT	Italy	5	1	249910	49983	1294	200
Ugo Tozzi	Ugo Tozzi	938644779543922	Facebook	IT	Italy	13	1	243987	84000	1687	100
Salvatore Barbagallo	The Flag srl	428552284374545	Facebook	IT	Italy	8	1	234980	55997	1991	300
Agostino Ghiglia		40186632839	Facebook	IT	Italy	9	1	230991	52000	2091	300
Sinistra per Calenzano	Simone Giuntini	2502767379948983	Facebook	IT	Italy	12	1	229988	51000	1588	100
Leila Kechoud - Candidata al Parlamento europeo - 26 maggio 2019	Leila Kechoud	2247400732195775	Facebook	IT	Italy	11	1	228988	77999	1488	100
Luca Vecchi	Comitato Elettorale Luca Vecchi 2024	245475858955495	Facebook	IT	Italy	23	1	226976	46999	2276	0
Prof Luca Avagnina	Avagnina Luca	1081529978655352	Facebook	IT	Italy	8	1	225992	78000	1592	200
Movimento 5 Stelle Gubbio	Rodolfo Rughi 	363952323736997	Facebook	IT	Italy	7	1	224993	51000	693	0
Marco Grimaldi	Marco Grimaldi	619956731519414	Facebook	IT	Italy	7	1	224993	51000	1093	100
Alessandra Basso al Parlamento Europeo	Alessandra Basso	613417015791230	Facebook	IT	Italy	7	1	224993	51000	1093	99
Andrea Delmastro	Davide Eugenio Zappalà	74110200741	Facebook	IT	Italy	9	1	224991	45000	891	0
Refutura - Moderati per Luca Vecchi	Alessandro Anceschi	2268420013485945	Facebook	IT	Italy	12	1	224988	63000	1188	0
Paola Natalicchio	Gianluca Martone	258195327693994	Facebook	IT	Italy	15	1	220982	52999	1484	0
Gabriele Padovani	Andrea Liverani	1559045154349568	Facebook	IT	Italy	18	1	217981	45999	1781	0
Roberta Rigon	Roberta Rigon 	152060405498608	Facebook	IT	Italy	7	1	211993	45000	693	0
Domenico Finiguerra	Domenico Finiguerra	41123718703	Facebook	IT	Italy	6	1	210993	71999	993	100
Stefano Zuccarini Sindaco	Stefano Zuccarini	272379720320278	Facebook	IT	Italy	5	1	209995	45000	495	0
Lorenzo Tosa	Lorenzo Tosa	476250932907074	Facebook	IT	Italy	4	1	204996	71000	796	100
Daniele Vergini Candidato Sindaco M5S	Daniele Vergini	415104189237042	Facebook	IT	Italy	12	1	204984	46998	1187	0
Eraldo Ciangherotti	Eraldo Ciangherotti	1020725961324733	Facebook	IT	Italy	22	1	202978	49000	2978	200
Giovanni Guidi		134845253246587	Facebook	IT	Italy	3	1	201997	100000	697	100
Andrea Tremaglia	Andrea Tremaglia	322495193464	Facebook	IT	Italy	17	1	200983	58000	1683	0
Siamo Europei Padova	Siamo Europei	445280926043270	Facebook	IT	Italy	1	1	199999	100000	999	500
Francesco Forlin per Perugia	Francesco Forlin	632686940488385	Facebook	IT	Italy	2	1	199998	100000	998	200
Furio Honsell	Davide Bressan	534334929944459	Facebook	IT	Italy	1	1	199998	100000	499	100
Matteo Tosetto	Matteo Tosetto 	285899292122830	Facebook	IT	Italy	3	1	199997	70000	1497	300
Monica Cerutti	Monica Cerutti 	331398250994	Facebook	IT	Italy	3	1	199997	70000	697	100
Beatrice Brignone	Possibile	454468194886964	Facebook	IT	Italy	4	1	199996	40000	1996	400
ANSA Europa	ANSA Europa	190141131032201	Facebook	IT	Italy	4	1	199996	40000	396	0
Andrea Togno - Candidato M5S Elezioni Europee	Andrea Togno	364157860884983	Facebook	IT	Italy	11	1	191988	44000	1888	200
CIWF Italia	CIWF Italia	576664002355828	Facebook	IT	Italy	17	1	191982	36999	1683	0
Partito Autonomista Trentino Tirolese	Partito Autonomista Trentino Tirolese	390310621129343	Facebook	IT	Italy	9	1	190991	47000	891	0
Matteo Adinolfi	News-24.it	308719606486381	Facebook	IT	Italy	8	1	189992	47000	792	0
Big News Buzz		125179374733697	Facebook	IT	Italy	1	1	188181	94091	836	418
Luigi Di Placido	Andrea Rossi	332563790280386	Facebook	IT	Italy	28	1	180972	42000	2772	0
Vallì Cipriani in Europa	Lara Braga	318177105538166	Facebook	IT	Italy	7	1	179964	41994	1092	99
Bianca Verrillo	Bianca Verrillo	597101660767723	Facebook	IT	Italy	7	1	175993	40999	693	0
Enrico Zucchi - Lega Prato	Enrico Zucchi	707579962958222	Facebook	IT	Italy	7	1	175993	41000	1493	200
Pietro Petruzzelli	Pietro Petruzzelli	194717554070843	Facebook	IT	Italy	6	1	174993	40999	593	0
Livio Lucà Trombetta	Livio Lucà Trombetta	432269534242217	Facebook	IT	Italy	7	1	174993	38000	693	0
Sergio Panero • Candidato Sindaco di Bra	Sergio Panero	1196580340519958	Facebook	IT	Italy	5	1	169995	40000	495	0
Elisabetta Fatuzzo	Elisabetta Fattuzo	648451052262295	Facebook	IT	Italy	6	1	169993	36999	1393	199
Daniela Poggio	ROCK communications	441486766660124	Facebook	IT	Italy	42	1	169958	38000	4558	100
Simona Baldassarre	Simona Baldassarre	407861879769918	Facebook	IT	Italy	23	1	167976	44999	2277	0
Giacomo Galazzo	Giacomo Galazzo	338070350178263	Facebook	IT	Italy	8	1	166992	33000	1192	100
Andrea Soddu Sindaco	Andrea Soddu	1438178299829574	Facebook	IT	Italy	15	1	166985	39000	1485	0
Luca Rossi per la Regione Piemonte	The Flag srl	1505721276316265	Facebook	IT	Italy	6	1	165994	35999	594	0
Stefania Calcagno	Stefania Calcagno	528781364317789	Facebook	IT	Italy	4	1	164995	65999	795	99
Roberta Fusari Sindaca	Comitato elettorale Roberta Fusari Sindaca	1021093474737387	Facebook	IT	Italy	6	1	164994	33000	994	100
Angelo Vernillo	Angelo Vernillo 	538691129988576	Facebook	IT	Italy	6	1	161994	35000	594	0
Maria Angela Danzì	Maria Angela Danzì	2159331584155901	Facebook	IT	Italy	3	1	159997	65000	697	100
Gianmarco Porciani Consigliere Comunale - Lega Salvini Premier	Gianmarco Porciani	504760203329428	Facebook	IT	Italy	4	1	159996	35000	396	0
Sergio Berlato	Sergio Berlato	227284747464295	Facebook	IT	Italy	4	1	159995	34999	795	100
Claudio Fochi consigliere M5S	Claudio Fochi	509365529239515	Facebook	IT	Italy	7	1	157962	30993	692	0
Giampietro Angelini	Noi per Norcia	635335283545677	Facebook	IT	Italy	5	1	155994	30999	1694	299
Francesca Ghirra	Francesca Ghirra	147045459010122	Facebook	IT	Italy	3	1	154997	61000	297	0
zeroCO2	zeroCO2	360133591158746	Facebook	IT	Italy	4	1	154996	31000	396	0
Federico Clapis	Federico Clapis	306289286207471	Facebook	IT	Italy	4	1	154996	31000	396	0
BARBARA MATERA	Barbara Matera	78020429052	Facebook	IT	Italy	3	1	154996	60999	296	0
Christian di Feo - Candidato M5S Europa	Christian Di Feo	496884204178162	Facebook	IT	Italy	4	1	154932	30987	395	0
Gianluca Festa	Gianluca Festa	1414627525508278	Facebook	IT	Italy	12	1	153988	42000	1188	0
Matias Eduardo DIAZ Crescitelli	Matias Eduardo Diaz Crescitelli	166286387478761	Facebook	IT	Italy	11	1	152989	42000	1089	0
Lorenzo Gasperini per la Toscana	Lorenzo Gasperini	230235480357105	Facebook	IT	Italy	35	1	152965	46000	3465	0
Marco Gheller - Autonomie per l'Europa	Alpe	414225506058917	Facebook	IT	Italy	4	1	150991	29999	395	0
Gabriele Molinari		814724875223586	Facebook	IT	Italy	2	1	149998	60000	998	199
Carlo Guccione	Gennaro Alessandro Alessio	731200573630420	Facebook	IT	Italy	2	1	149998	60000	598	100
Susținători USR Italia		677428805754829	Facebook	IT	Italy	2	1	149998	60000	603	121
Marco Mes - Candidato M5S Europa	Marco Mesmaeker	328031081240402	Facebook	IT	Italy	2	1	149998	60000	998	200
Saverio Romano	Francesco Romano Saverio 	694946377308093	Facebook	IT	Italy	3	1	149997	30000	297	0
MoVimento Cinque Stelle Provincia di Salerno		339297716643	Facebook	IT	Italy	2	1	149997	59999	597	99
Giorgio Magliocca Presidente della Provincia di Caserta	Giorgio Magliocca	1681022168583960	Facebook	IT	Italy	3	1	149997	30000	297	0
Lucrezia Vinci in Europa	Lucrezia Vinci	290636291884221	Facebook	IT	Italy	3	1	149997	30000	297	0
Antonio Ilardi Europee 2019	IPSEsrl	440292480068133	Facebook	IT	Italy	3	1	149997	30000	297	0
Tiziana Beghin	Valentina Trogu	235501579990278	Facebook	IT	Italy	3	1	149997	30000	696	99
Luigia Marino - detta Gigia		2074498309515123	Facebook	IT	Italy	3	1	149997	30000	297	0
Catia Degli Esposti Sindaco	Catia Degli Esposti	438647399606160	Facebook	IT	Italy	3	1	149997	30000	297	0
Luigi Genesio Icardi	Luigi Genesio Icardi	994935290896984	Facebook	IT	Italy	7	1	149992	44999	692	0
Paola Romano	Paola Romano	248072698709512	Facebook	IT	Italy	10	1	145990	35000	1390	100
Antonio Mazzeo	Antonio Mazzeo	518342558190046	Facebook	IT	Italy	11	1	144989	29000	1089	0
Grana Padana Show	Amedeo Tosi 	701486570217344	Facebook	IT	Italy	11	1	143986	63999	1488	100
Cristina Bagnoli	Enrico Decca	2031217713649064	Facebook	IT	Italy	8	1	140986	36998	791	0
Partito Animalista Italiano		486228231540331	Facebook	IT	Italy	7	1	139993	37000	693	0
Stefano Ciccone con La Sinistra al Parlamento Europeo	Stefano Ciccone	2125577980861018	Facebook	IT	Italy	12	1	139988	49000	1187	0
Dott. Angelo Baldinelli	Angelo Baldinelli 	1174383546076988	Facebook	IT	Italy	12	1	138988	30000	1188	0
Emiliano Occhi	Naytes srl	840175292995931	Facebook	IT	Italy	6	1	134994	36000	594	0
Edoardo Fanucci	Edoardo Fanucci 	1435334113381119	Facebook	IT	Italy	7	1	134993	33000	693	0
Centrodestra per cambiare con Pacetti sindaco	Manuel Gianfelici	292638348325601	Facebook	IT	Italy	32	1	132968	28000	3168	0
Arianna Verucci Candidata Europee 2019	Arianna Verucci	351797152405843	Facebook	IT	Italy	8	1	130991	28999	792	0
Alessandra Guatteri	Matteo Olivieri	452246258212300	Facebook	IT	Italy	16	1	130962	31993	1583	0
Ilaria Antelmi	Ilaria Antelmi 	2217881658525706	Facebook	IT	Italy	7	1	129993	29000	693	0
Cinzia Pettoni	 Cinzia Pettoni 	2357999221079856	Facebook	IT	Italy	6	1	124994	28000	594	0
Anthony Candiello - M5S Europa	Antonio Candiello	1416530675315172	Facebook	IT	Italy	6	1	124982	27997	593	0
Karamea - The Movie	Karamea - The Movie	800360290085811	Facebook	IT	Italy	6	1	124941	27989	593	0
Cosimo Guccione per Firenze	Cosimo Guccione	1425237984394334	Facebook	IT	Italy	18	1	123982	27000	1782	0
Fabrizio Puppo - Il tuo Sindaco	Fabrizio Puppo	2682574781968867	Facebook	IT	Italy	6	1	120994	27000	594	0
Antonio Decaro	Antonio Decaro	137412233027116	Facebook	IT	Italy	4	1	119996	30000	396	0
Anna Robustelli	Anna Robustelli	2412525162126175	Facebook	IT	Italy	4	1	119996	30000	396	0
Anna Ascani	Anna Ascani	290721534331298	Facebook	IT	Italy	4	1	119995	29999	395	0
Ivana Borsotto Candidata Europee	Ivana Borsotto	388872505296545	Facebook	IT	Italy	4	1	119995	29999	395	0
Aurelio Tommasetti	Aurelio Tommasetti	1486053308334191	Facebook	IT	Italy	5	1	119995	27000	495	0
Francesco Rabotti	Giuseppe Orefice	316495045128997	Facebook	IT	Italy	5	1	119995	26999	494	0
Cinzia Rubertelli Sindaco	Prati Andrea mandatario elettorale di Rubertelli Cinzia	1409656025962989	Facebook	IT	Italy	5	1	119995	27000	895	100
Eastwest - Rivista di Geopolitica	Eastwest - Rivista di Geopolitica	186246774846027	Facebook	IT	Italy	9	1	119991	42000	891	0
Percorso Comune - Lista Civica Borgo Valbelluna	Percorso Comune	1486831954785890	Facebook	IT	Italy	26	1	118974	21000	2574	0
Antonio Giampietro - Non vedo che Bari	Antonio Giampietro	456495818216210	Facebook	IT	Italy	8	1	117992	23000	792	0
Valori.it	Valori.it	112777008752391	Facebook	IT	Italy	19	1	116981	25000	1881	0
Eleonora Forenza	Eleonora Forenza	302764019871151	Facebook	IT	Italy	5	1	115994	25999	494	0
Roberta Mori | Pagina Ufficiale	Roberta Mori	147196482067133	Facebook	IT	Italy	3	1	114997	56000	697	100
Filippo Occhipinti - Europee 2019 Sicilia e Sardegna	Francesco Anzelmo	367806660496884	Facebook	IT	Italy	4	1	114996	26000	396	0
Paolo Ciani - Consigliere Regionale del Lazio DEMOS	Paolo Ciani 	1795607690470395	Facebook	IT	Italy	6	1	111994	22000	994	100
Patrizia Angeli - Lega	Patrizia Angeli	432523620830705	Facebook	IT	Italy	22	1	110978	20000	2178	0
Alfredo Posteraro	SocialCom	408876889953275	Facebook	IT	Italy	3	1	109997	25000	697	100
Davide Tripodi • Candidato Consigliere Regionale	Davide Tripodi	603284670176818	Facebook	IT	Italy	3	1	109997	25000	297	0
Paolo Demarchi	Paolo Demarchi	1589952367896943	Facebook	IT	Italy	3	1	109997	25000	297	0
Eugenio Casalino Candidato M5S Elezioni Europee	Eugenio Casalino	478151665571968	Facebook	IT	Italy	3	1	109997	25000	697	100
Alessandro Fusacchia	Alessandro Fusacchia	1045017942325647	Facebook	IT	Italy	2	1	109997	54999	597	99
Cavezzo Viva - Associazione Culturale	Enrico Malverti	619037048529553	Facebook	IT	Italy	4	1	109996	22000	396	0
Moderati	Giacomo  Portas	726634620770719	Facebook	IT	Italy	4	1	109996	22000	396	0
Michele Facci	Alessandro Buscaroli	181747745203690	Facebook	IT	Italy	3	1	109996	24999	296	0
Marco Gabusi	RedAbissi srl	1592242764241773	Facebook	IT	Italy	3	1	109996	25000	297	0
Paola Di Salvatore	Paola Di Salvatore	647488052330193	Facebook	IT	Italy	4	1	109995	21999	395	0
Alberto Bova - Candidato Sindaco	Comitato Elettorale Alberto Bova	146020142780997	Facebook	IT	Italy	5	1	106995	21000	495	0
Alessandro Dal Ri	Alessandro Dal Ri	1420517681335669	Facebook	IT	Italy	4	1	105996	21000	795	99
Giorgio Pasetto	Giorgio Pasetto 	366506280058857	Facebook	IT	Italy	4	1	105995	20999	395	0
Giuseppe Ranu'		307631192771406	Facebook	IT	Italy	2	1	104998	50999	598	100
Orizzonti Politici	Giacomo Casali	957667357727417	Facebook	IT	Italy	2	1	104997	50999	197	0
Stefano ALLASIA		236105246410631	Facebook	IT	Italy	3	1	104997	21000	264	0
Fridays For Future Firenze	Lara Cioni 	1971775153129220	Facebook	IT	Italy	3	1	104997	21000	297	0
Matteo Orfini	Matteo Orfini	252959821498182	Facebook	IT	Italy	3	1	104996	20999	696	100
Partito Comunista	Partito Comunista	315768485124369	Facebook	IT	Italy	3	1	104996	20999	297	0
Sandro Giordani Sindaco	Sandro Giordani	648092968929444	Facebook	IT	Italy	9	1	104991	30000	891	0
PD Castelfranco Emilia	Partito Democratico Castelfranco Emilia	504963402964897	Facebook	IT	Italy	15	1	104985	23000	1485	0
Lorenzo Rubino	Lorenzo Rubino	662979434154518	Facebook	IT	Italy	3	1	100997	20000	297	0
Simone Contro	Simone Contro 	2123226344608877	Facebook	IT	Italy	3	1	100997	20000	297	0
Davide Montrucchio - Moderati - Elezioni Regione Piemonte 2019	Davide Montrucchio	459608377914093	Facebook	IT	Italy	3	1	100997	20000	297	0
Uniamo Prevalle	Luca Belli	571992369975700	Facebook	IT	Italy	10	1	100990	25999	990	0
7 Frazioni		445466952870695	Facebook	IT	Italy	1	1	99999	50000	99	0
Ambasciata di Sardegna	Stefano Maullu	173786969363481	Facebook	IT	Italy	1	1	99999	50000	499	100
Moet	Stefano Maullu	1427921947227478	Facebook	IT	Italy	1	1	99999	49999	499	100
Laura Agea Portavoce Eurodeputata M5S	Laura Agea Portavoce Eurodeputata M5S	1423738397876993	Facebook	IT	Italy	1	1	99999	50000	498	100
Natasha Mariano Mariano	Natalia Mariano	262438680894168	Facebook	IT	Italy	1	1	99999	50000	99	0
Raffaele Stancanelli		195210777191994	Facebook	IT	Italy	1	1	99999	50000	499	100
Non e' una tv web	Armando Ruggeri	208995173169504	Facebook	IT	Italy	1	1	99999	50000	499	100
Andrea Ferrua - Candidato alle Elezioni Regionali Piemonte 2019	Emanuele Bisagno 	724799454622956	Facebook	IT	Italy	1	1	99999	50000	99	0
Alessandro Cantù Sindaco di Stradella	Alessandro Cantu	281878469418917	Facebook	IT	Italy	1	1	99999	50000	499	100
Ignazio Corrao		554297734597392	Facebook	IT	Italy	1	1	99999	50000	99	0
Fabrizio Ferrandelli		73230810464	Facebook	IT	Italy	1	1	99999	50000	499	100
Fratelli d'Italia Lecco		368570823769153	Facebook	IT	Italy	2	1	99998	20000	198	0
Latina per Smeriglio	Pier Luca Mario Dussich	861710860862485	Facebook	IT	Italy	2	1	99998	20000	198	0
Giuseppe Civati	Possibile	260348547488	Facebook	IT	Italy	2	1	99998	20000	998	200
Osservatorio21	Osservatorio21	191761041227486	Facebook	IT	Italy	2	1	99998	20000	598	100
Francesca Donato		620970734652699	Facebook	IT	Italy	2	1	99998	20000	198	0
Alessandro Pagano	Vanni Manuel Di Natale	40115309363	Facebook	IT	Italy	2	1	99998	20000	198	0
Alessandra Moretti	Alessandra Moretti	527503853928339	Facebook	IT	Italy	2	1	99998	20000	997	199
Francesca Pesce - Candidata La Sinistra Europee 2019	Alessandra Lopetrone 	2640039512704689	Facebook	IT	Italy	2	1	99998	20000	198	0
Cesena2024	Cesena2024	593948501059981	Facebook	IT	Italy	2	1	99998	20000	198	0
CasaPound Italia	CasaPound Italia	193902102841	Facebook	IT	Italy	2	1	99998	20000	198	0
Novella Ferrini per l'Europa	Azzurra Schiavo	1240528759454970	Facebook	IT	Italy	1	1	99998	49999	98	0
Gianna Gancia		412209525481643	Facebook	IT	Italy	2	1	99998	20000	176	0
Paolo Pinzuti - Candidato Elezioni Europee 2019	Paolo Pinzuti	317355515613731	Facebook	IT	Italy	2	1	99998	20000	997	200
Roberto Calderoli	Roberto Calderoli	31662384470	Facebook	IT	Italy	2	1	99998	20000	198	0
Anna Marro	Anna Marro	1107701216084060	Facebook	IT	Italy	2	1	99997	19999	197	0
Popolo della Famiglia - Lazio	Guido Pianeselli 	356312904827073	Facebook	IT	Italy	2	1	99997	19999	997	199
Carlo Fidanza		104048831252	Facebook	IT	Italy	1	1	99995	49998	98	0
La Sinistra Lazio	Carlo Tarantola	326405431406323	Facebook	IT	Italy	7	1	99969	31990	692	0
Mariastella Gelmini	Mariastella Gelmini	303531599691398	Facebook	IT	Italy	8	1	95992	28000	791	0
Licia Montagnani “In Comune”	Licia Caprai Montagnani 	401252743774783	Facebook	IT	Italy	6	1	94994	30999	593	0
Alessandra Cappellari Candidata LEGA Circoscr. NordOvest Parlamento Europeo	Alessandra Cappellari	923643764466602	Facebook	IT	Italy	8	1	94985	24997	791	0
Luisa De Biasio Calimani	Luisa De Biasio	822662588103237	Facebook	IT	Italy	8	1	90991	23999	791	0
L'Europa che non sai	L'europa che non sai 	299218030763134	Facebook	IT	Italy	8	1	90985	23998	1191	99
Movimento Cinque Stelle Recanati	Enrico Gurini	197189740489154	Facebook	IT	Italy	7	1	89993	24000	693	0
Mario Fraccaro Sindaco	Comitato Elettorale Montichiari Futura	397535827746025	Facebook	IT	Italy	18	1	88982	26000	1782	0
Marcello Mezzasalma	Marcello Mezzasalma	2213168762276305	Facebook	IT	Italy	19	1	88981	23000	1881	0
Ilaria Cristiani	Ilaria Cristiani	2204421053005729	Facebook	IT	Italy	22	1	88978	25000	2178	0
Maurizio Lupi	Maurizio Lupi	81698998693	Facebook	IT	Italy	6	1	85994	26000	594	0
Vittorio Barazzotto	Daniele Ghisio	463077060416998	Facebook	IT	Italy	8	1	85992	20000	792	0
Stefania Monteverde in Europa	Stefania Monteverde	2880774605326482	Facebook	IT	Italy	5	1	84994	25999	494	0
Galliera c'è - Silvia Guidolin Sindaco	Silvia Guidolin	2688685454538825	Facebook	IT	Italy	16	1	84984	20000	1584	0
Lorenzo Vignali	Lorenzo Vignali	229114191886	Facebook	IT	Italy	38	1	81962	11000	3762	0
Carlotta Chiaraluce	Paola Chiaraluce 	390354464719591	Facebook	IT	Italy	6	1	80993	21999	593	0
Radici al Futuro - Gianluca Pasqui sindaco	Radici al Futuro	2340434752842917	Facebook	IT	Italy	8	1	80992	15999	791	0
Daniele Tromboni M5S candidato al Parlamento Europeo	Daniele Tromboni	1772378256414400	Facebook	IT	Italy	5	1	79995	22000	895	100
Daniele Donati - Candidato Sindaco Rosignano Marittimo	Alice Prinetti	2219898848077663	Facebook	IT	Italy	5	1	79995	22000	495	0
Ezio Casati	Ezio Casati	123524491168686	Facebook	IT	Italy	6	1	76994	21000	994	100
Giuseppe Barbaro	Giuseppe Barbaro	407842313101083	Facebook	IT	Italy	14	1	76985	23999	1386	0
Baone Oggi	Associazione Baone Oggi Città Sana	262932047950200	Facebook	IT	Italy	23	1	76977	19000	2276	0
Partito Democratico Rivoli	Partito Democratico Rivoli	710427272382861	Facebook	IT	Italy	37	1	76963	10000	3663	0
Luca Ciriani	Roberta Pugliese	367042640294086	Facebook	IT	Italy	5	1	75995	21000	495	0
Alfonso Pisicchio	Natale Pisicchio	644803135590917	Facebook	IT	Italy	5	1	75994	20999	494	0
Enrico Manfredi	Enrico Manfredi	692273104200743	Facebook	IT	Italy	7	1	75993	15000	693	0
Errico Di Tillio - Anno Zero	Errico Di Tillio	418744215339376	Facebook	IT	Italy	10	1	75990	33000	990	0
Maria Gabriella Branca	Luigi Lanza	2340721186159322	Facebook	IT	Italy	4	1	74996	21000	396	0
Forza Italia Civita Castellana	Marco Parroccini	1925031694411257	Facebook	IT	Italy	4	1	74996	20999	796	100
In Europa con Lucentini	Gloria Medori	191158651730054	Facebook	IT	Italy	4	1	74996	21000	396	0
Elena Mazzoni - Candidata Parlamento Europeo Circoscrizione Nord-Est	Elena Mazzoni 	2030992680362076	Facebook	IT	Italy	4	1	74996	20999	396	0
Mercedes Bresso	Mercedes Bresso	50939187984	Facebook	IT	Italy	5	1	74994	17999	495	0
Andrea Massari	Comitato Andrea Massari sindaco	1430893473831083	Facebook	IT	Italy	7	1	72993	17000	1093	100
Francesco Mingiardi	Francesco Mingiardi	1556016234698562	Facebook	IT	Italy	16	1	72984	17000	1584	0
Daniele Aiello Sindaco	Daniele Aiello	530978247010864	Facebook	IT	Italy	19	1	72981	19000	1881	0
Enrico Rossi	Enrico Rossi	197611081853	Facebook	IT	Italy	5	1	70995	17000	495	0
PD Milano Metropolitana	PD Milano Metropolitana	118624604896108	Facebook	IT	Italy	4	1	70995	20000	396	0
Civica Asolo - Edoardo Bernini Sindaco	Edoardo Bernini	423376741559971	Facebook	IT	Italy	15	1	70985	14000	1485	0
CentroDestra per Calvisano Formentini Sindaco	Francesco Ghidini 	1260229147468988	Facebook	IT	Italy	15	1	70984	25000	1485	0
Pietro Frenquellucci - Sindaco di Ascoli	Pietro Frenquellucci 	261799534768509	Facebook	IT	Italy	3	1	69997	20000	697	100
Angelo Attaguile	Angelo Attaguile	1549325232064602	Facebook	IT	Italy	3	1	69997	20000	297	0
Graziano Frigeri Blog	Graziano Frigeri	102686153435265	Facebook	IT	Italy	3	1	69997	20000	297	0
Silvio Gandini	Silvio Gandini	432547143571744	Facebook	IT	Italy	3	1	69997	20000	297	0
SiAmo Montefalco	Luca Preziosi 	597700853974508	Facebook	IT	Italy	4	1	69996	17000	396	0
Per Casier - Guardati Sindaco	Simona Guardati	1424962564426141	Facebook	IT	Italy	4	1	69996	17000	396	0
Clima Europa	Luca Bergamaschi	369195680589481	Facebook	IT	Italy	4	1	69995	16999	395	0
Elena Vizzotto	Elena Vizzotto	464896850575483	Facebook	IT	Italy	4	1	69995	16999	395	0
Alessandro Prandi	Francesco Sancarlo	177700749801108	Facebook	IT	Italy	5	1	69995	14000	495	0
Livia Caldesi	Livia Caldesi 	280159089588950	Facebook	IT	Italy	5	1	69995	14000	495	0
Simone Calamai	Comitato Elettorale Simone Calamai Sindaco per Montemurlo 	389706378444787	Facebook	IT	Italy	9	1	69991	29000	891	0
Massimo Amato	Antonio Pandolfi 	318216598868880	Facebook	IT	Italy	5	1	66995	16000	495	0
Andrea Magnone	Andrea Magnone	371238803484196	Facebook	IT	Italy	6	1	66994	13000	594	0
Lavorare Insieme - Alessia Andreola Sindaco	Alessia Andreola	819808075078522	Facebook	IT	Italy	13	1	66987	19000	1287	0
Fratelli d'Italia Sondrio - Alto lago	Marco Masetti	771132936567349	Facebook	IT	Italy	5	1	66591	15913	493	0
Fridays For Future - Forlì	Fridays For Future Forlì	834339196918688	Facebook	IT	Italy	4	1	65996	16000	396	0
Stato Moderno Solidale SMS	Silvana Arbia	328435687818104	Facebook	IT	Italy	5	1	65994	12999	494	0
Francesca Peppucci LEGA - per l'Europa	Francesca Peppucci	715083442242859	Facebook	IT	Italy	3	1	64997	16000	297	0
Vita a Sesto San Giovanni		480907805979745	Facebook	IT	Italy	3	1	64997	16000	697	100
Vincenzo D'Incecco	Vincenzo D'Incecco	262038594455963	Facebook	IT	Italy	3	1	64997	16000	297	0
Supporter di Stefania Calcagno	Silvia Calcagno	2152837134785115	Facebook	IT	Italy	3	1	64997	16000	297	0
Insieme per Tuscania - Regino Brachetti Sindaco	Pier Paolo Pallassini 	389035505273421	Facebook	IT	Italy	3	1	64996	15999	297	0
Eleonora Cirant per La Sinistra	Eleonora Cirant	277469179829996	Facebook	IT	Italy	3	1	64994	15999	296	0
Alberti-Faltoni per Biffoni Sindaco Prato	All You srl	2219952391599970	Facebook	IT	Italy	7	1	63993	12000	693	0
Andrea Palumbo MoVimento 5 Stelle	Andrea Palumbo	317575285586649	Facebook	IT	Italy	5	1	61995	12000	895	100
Beatrice Covassi	Beatrice Covassi	813747598798643	Facebook	IT	Italy	5	1	61994	11999	894	99
Calenzano Futura	Simone Bolognesi	597646537327558	Facebook	IT	Italy	13	1	61986	14999	1286	0
Giovanni Paolo Bernini	Luca Perrone	2387532191477889	Facebook	IT	Italy	37	1	61963	9000	3663	0
Ciccio Rizzo	Francesco Rizzo	370093446404039	Facebook	IT	Italy	4	1	60996	12000	396	0
Giuseppe Sanò, l'accento sulle tue battaglie	Giuseppe Sanò	555556694829630	Facebook	IT	Italy	3	1	60996	14999	297	0
Morena Ferrario Sindaco di Castano Primo	Daniele Rivolta 	2198059560442881	Facebook	IT	Italy	2	1	59998	15000	198	0
Ivanilde Carvalho	Ivanilde Carvalho 	2199214320158577	Facebook	IT	Italy	2	1	59998	15000	198	0
Uniti per Sedico	Alessandro Buzzatti	682443385518643	Facebook	IT	Italy	2	1	59998	15000	198	0
Francesco Grazzini per Firenze	Francesco Grazzini 	591129664696979	Facebook	IT	Italy	2	1	59998	15000	198	0
Possibile	Possibile	458027194373390	Facebook	IT	Italy	2	1	59998	15000	598	100
Paolo Bongioanni Il Kaimano		709856889384078	Facebook	IT	Italy	2	1	59998	15000	198	0
Viviana Dal Cin	Paolo Menis	290866805146864	Facebook	IT	Italy	2	1	59998	15000	198	0
Maria Azzini & Claudio Azzini Più Europa Prato	Maria Claudia Azzini	2412823332279594	Facebook	IT	Italy	2	1	59998	15000	198	0
Eurac Research	Eurac Research	257660925693	Facebook	IT	Italy	2	1	59998	15000	198	0
Cesanocambia	Stefano Cella	135912986589399	Facebook	IT	Italy	2	1	59998	15000	198	0
Movimento Nazionale Salento	Roberto Tundo	110683599694040	Facebook	IT	Italy	2	1	59998	15000	198	0
Andrea Cintorino		1521641604741318	Facebook	IT	Italy	2	1	59998	15000	198	0
Francesco Ameli	Francesco Ameli	1388198691443350	Facebook	IT	Italy	3	1	59997	12000	297	0
ProVita Onlus	ProVita Onlus	451419891563905	Facebook	IT	Italy	2	1	59997	14999	197	0
Altaforte Edizioni	Altaforte Edizioni	1309925725776765	Facebook	IT	Italy	2	1	59997	14999	197	0
Matteo Franconi #corricon	Matteo Franconi 	396778714394242	Facebook	IT	Italy	11	1	59989	15000	1089	0
Simone Polesello per il Fvg	Simone Polesello	155754657821240	Facebook	IT	Italy	2	1	59930	14984	197	0
Marco Campomenosi	Marco Campomenosi 	673109029772554	Facebook	IT	Italy	4	1	56996	11000	396	0
SiTav Falzoni	Vittorio Falzoni	448859812529598	Facebook	IT	Italy	4	1	56995	11000	396	0
LEALI per Lagonegro	Nicola Giampietro	612616479163218	Facebook	IT	Italy	3	1	55996	10999	296	0
PD San Giuliano Terme	Partito Democratico San Giuliano Terme	367132786726384	Facebook	IT	Italy	7	1	55993	26000	693	0
Empoli Ecologista per Beatrice Cioni sindaco	Giuseppe Pluchino	1323687517793993	Facebook	IT	Italy	9	1	55991	20000	891	0
Fabrizio Del Serra	Fabrizio Del Serra	2252993028286237	Facebook	IT	Italy	2	1	54998	11000	598	100
Il Cobra	Paolo Perna	554916498291588	Facebook	IT	Italy	2	1	54998	11000	198	0
ALBANIA NEWS	ALBANIA NEWS	13287628849	Facebook	IT	Italy	2	1	54998	11000	198	0
Antonella Grossi	Antonella Grossi	1434167880159048	Facebook	IT	Italy	2	1	54998	11000	198	0
Lisa Giuggiolini	Dalia Moroni 	1411377252457528	Facebook	IT	Italy	2	1	54997	10999	597	99
Massimiliano Romeo	Massimiliano Romeo	1382868132042683	Facebook	IT	Italy	2	1	54992	10998	197	0
Mattia Mor	Mattia Mor	191521651334240	Facebook	IT	Italy	4	1	52996	10000	396	0
Damiano Baldini - Candidato Sindaco di Certaldo	Damiano Baldini	1895006077437267	Facebook	IT	Italy	3	1	51997	10000	297	0
Gianluca Soluzioni Green	Gianluca Di Fazio	347976379124869	Facebook	IT	Italy	3	1	51997	10000	697	100
Alice Roberto - Candidato Consigliere M5S Regione Piemonte		357828934776045	Facebook	IT	Italy	2	1	50998	10000	198	0
Fridays For Future Torino - Italy	Luca Sardo	374899703056927	Facebook	IT	Italy	2	1	50998	10000	198	0
Anna Maria Costanza Rozzi	Giorgio Alessandro Bruni	298754967688214	Facebook	IT	Italy	2	1	50998	10000	198	0
Daniela Calderano		2320156088255183	Facebook	IT	Italy	2	1	50998	10000	198	0
Più Europa - Cagliari	Riccardo Lo Monaco	368003026980476	Facebook	IT	Italy	2	1	50998	10000	198	0
Antonio Lombardi	Matteo Ramunno	687441404991995	Facebook	IT	Italy	2	1	50998	10000	198	0
Luigi Catalano	Luigi Catalano	1810735125895007	Facebook	IT	Italy	9	1	50991	16000	891	0
Fabio Amendolara	Fabio Amendolara	122191987831675	Facebook	IT	Italy	11	1	50988	9999	1088	0
Sergio Silvestris	Sergio Paolo Francesco Silvestris	75581908817	Facebook	IT	Italy	1	1	49999	10000	99	0
Andrea Grassetto, Vicesindaco in Pettorazza Grimani #FdI Rovigo	Andrea Grassetto	454168144686853	Facebook	IT	Italy	1	1	49999	10000	99	0
Gianluca Daniele	Pasquale Incarnato	1561559094125855	Facebook	IT	Italy	1	1	49999	10000	99	0
Amir Atrous		386074905315512	Facebook	IT	Italy	1	1	49999	9999	99	0
Riccardo Magi	Maria Silvia De Marchi	463407240409640	Facebook	IT	Italy	1	1	49999	9999	499	99
Michele Abbaticchio  Sindaco	Michele Abbaticchio	275806792494637	Facebook	IT	Italy	1	1	49999	10000	99	0
Angela Antonecchia	Angela Antonecchia	523288924866778	Facebook	IT	Italy	1	1	49999	10000	99	0
Laura Puppato	Laura Puppato	172965536126348	Facebook	IT	Italy	1	1	49999	10000	499	99
Lega Giovani Milano	Lorenzo Clementi	595708403896777	Facebook	IT	Italy	1	1	49999	10000	99	0
Carmelo Pullara		407709946068669	Facebook	IT	Italy	1	1	49999	10000	99	0
Alessandro Moschettini		316528502364462	Facebook	IT	Italy	1	1	49999	10000	99	0
Radicali	Radicali	119200734774774	Facebook	IT	Italy	1	1	49999	10000	499	100
Karim Elezioni Europee 2019	Abdelkarim Hannachi	435552740346706	Facebook	IT	Italy	1	1	49999	10000	99	0
Franco Roberti	Giovanni Russo	2160332307392430	Facebook	IT	Italy	1	1	49999	10000	99	0
Alberto Morano	Alberto Morano	1247491975279805	Facebook	IT	Italy	1	1	49999	10000	499	100
Mander in Comune	Paolo Mander	1229328110553008	Facebook	IT	Italy	1	1	49999	10000	99	0
IBarbari.it	Marco Nuzzi	1557347464572521	Facebook	IT	Italy	1	1	49999	10000	99	0
Bryant Biavaschi	Bryant Biavaschi	1991511351086555	Facebook	IT	Italy	1	1	49999	10000	499	100
Monica Baldi	All You srl	69478849984	Facebook	IT	Italy	1	1	49999	10000	499	99
Daniela Rondinelli	Daniela Rondinelli	2589232681091659	Facebook	IT	Italy	1	1	49999	10000	499	100
Popolo della Famiglia Cesena		1565838630397919	Facebook	IT	Italy	1	1	49999	10000	99	0
Davide Bertolasi - Consigliere Comunale per Ferrara	Davide Bertolasi	141169473470037	Facebook	IT	Italy	1	1	49999	10000	99	0
Pescara Città Aperta	Stefano D'Aquino	2239558226358722	Facebook	IT	Italy	1	1	49999	10000	99	0
Roberto Morassut		1659017274371990	Facebook	IT	Italy	1	1	49999	10000	99	0
Cristina Cini Lega Prato		306080006739147	Facebook	IT	Italy	1	1	49999	10000	99	0
Sandro Fallani		761430343932599	Facebook	IT	Italy	1	1	49999	10000	99	0
Federica Lorenzi candidata al consiglio  comunale di Follonica 2019	Federica Lorenzi	1679013738868620	Facebook	IT	Italy	1	1	49999	10000	99	0
Francesca Anastasia Porpiglia -Lega Salvini Premier		798697646865216	Facebook	IT	Italy	1	1	49999	10000	99	0
Viva Vizzolo Viva	Francesca Maria Michela Lembi 	2467167839968377	Facebook	IT	Italy	1	1	49999	10000	99	0
Avv. Roberto Amati	Roberto Amati	1434465536577273	Facebook	IT	Italy	1	1	49999	10000	99	0
Alberto Gandolfi		2110630072367366	Facebook	IT	Italy	1	1	49999	10000	99	0
Letizia Balestra		824065491290463	Facebook	IT	Italy	1	1	49999	10000	99	0
Simona Salustro - Consigliere Comunale		2330625583882754	Facebook	IT	Italy	1	1	49999	10000	98	0
Paola Tassi Candidato Consigliere Comunale, Prato	All You srl	1115467311846781	Facebook	IT	Italy	1	1	49999	10000	99	0
Centro Commerciale Girasole	Centro Commerciale Girasole	142657295914359	Facebook	IT	Italy	1	1	49999	10000	99	0
E' tempo di Cornaredo - Yuri Santagostino Sindaco		580696152006652	Facebook	IT	Italy	1	1	49999	9999	99	0
Cuore Italiano		923834707677379	Facebook	IT	Italy	1	1	49999	10000	99	0
De Luca Sindaco di Messina		148435169066373	Facebook	IT	Italy	1	1	49999	10000	99	0
Antonio Martino		330857894077058	Facebook	IT	Italy	1	1	49999	9999	98	0
Fridays for Future - Padova	Leonardo Basso	264120211150371	Facebook	IT	Italy	1	1	49999	10000	99	0
Circolo PD Poggioreale	Pasquale Incarnato	1520837368213581	Facebook	IT	Italy	1	1	49999	10000	99	0
Antonio Sacchi candidato consigliere comunale	Antonio Sacchi	1579919362232744	Facebook	IT	Italy	1	1	49999	10000	99	0
Luca Tani		269431227189188	Facebook	IT	Italy	1	1	49999	10000	499	100
EuropaVerde - Comitato VDA Possibile	Fabio Protasoni	1072259289458677	Facebook	IT	Italy	1	1	49999	10000	99	0
Mario Giro		375439559534277	Facebook	IT	Italy	1	1	49999	10000	99	0
Riccardo Meloni	Riccardo Meloni	2296269550654817	Facebook	IT	Italy	1	1	49999	10000	99	0
Valentina Valenti .		861522607524787	Facebook	IT	Italy	1	1	49999	10000	99	0
Franca Pulpito Candidata Elezioni Europee M5S		377643566297205	Facebook	IT	Italy	1	1	49999	10000	99	0
Ulderica Mennella Candidata M5S Europee 2019	Ulderica Mennella	625269920909140	Facebook	IT	Italy	1	1	49999	10000	99	0
Partito Democratico di Padova	Partito Democratico di Padova	275657555944127	Facebook	IT	Italy	1	1	49999	10000	499	100
Concetta Maestrini	Concetta Maestrini	798253917216096	Facebook	IT	Italy	1	1	49999	10000	99	0
Faraldi Giuseppe	Giuseppe Faraldi	386214098778099	Facebook	IT	Italy	1	1	49999	10000	99	0
Umberto Marroni		1274180625925753	Facebook	IT	Italy	1	1	49999	10000	99	0
Partito Animalista Europeo		526901760669684	Facebook	IT	Italy	1	1	49999	10000	99	0
Carmelo Fabrizio Bruno		355157898437888	Facebook	IT	Italy	1	1	49999	10000	99	0
PD Palo del Colle	Gabriella Sasso	1578164322435113	Facebook	IT	Italy	1	1	49999	10000	99	0
Più Europa - Reggio Emilia		172602073650980	Facebook	IT	Italy	1	1	49999	10000	88	0
Giovani Democratici - Circolo di Ravenna		192479774122115	Facebook	IT	Italy	1	1	49999	10000	99	0
Remo Sernagiotto	Remo Sernagiotto	58158193107	Facebook	IT	Italy	1	1	49998	9999	98	0
Massimiliano Panero	Massimiliano Panero	399924110841613	Facebook	IT	Italy	1	1	49998	9999	98	0
CasaPound Italia Siena	Sergio Fucito	178495252190185	Facebook	IT	Italy	1	1	49998	9999	98	0
Michele Lestingi		979692388837563	Facebook	IT	Italy	1	1	49998	9999	88	0
ELSA Italy	ELSA Italy	192576164180806	Facebook	IT	Italy	1	1	49998	9999	98	0
Te lo spiego	Te lo spiego	1588332844801821	Facebook	IT	Italy	1	1	49998	10000	99	0
Piero Graglia Elezioni Europee 2019 Italia Nord-Ovest	Piero Graglia	2258521850853616	Facebook	IT	Italy	1	1	49998	9999	498	100
Giovanbattista Fazzolari	Giovanbattista Fazzolari	593972037615014	Facebook	IT	Italy	1	1	49998	9999	98	0
Dafne Musolino in Europa		361760767564336	Facebook	IT	Italy	1	1	49998	10000	99	0
Italian Climate Network		239383456080711	Facebook	IT	Italy	1	1	49998	9999	498	99
Antonio Zennaro		167192463921273	Facebook	IT	Italy	1	1	49998	9999	98	0
La Politica che Vorrei		482731548417007	Facebook	IT	Italy	1	1	49998	9999	98	0
Federico Conte	SocialCom	475969889452069	Facebook	IT	Italy	1	1	49998	9999	98	0
Vincenzo Fasano	Enzo Fasano	170701676278225	Facebook	IT	Italy	1	1	49990	9998	98	0
Animal Amnesty	Animal Amnesty	443428169034090	Facebook	IT	Italy	1	1	49947	9989	98	0
Marco Masetti FDI	Marco Masetti	1733765430264000	Facebook	IT	Italy	1	1	49919	9984	98	0
Forza Italia Pontedera	Alessandro Tantussi	398070784329706	Facebook	IT	Italy	13	1	48987	9000	1287	0
OrlandoMagazine.it	Mirco Negri	175566843236682	Facebook	IT	Italy	12	1	47988	9000	1188	0
Nicoletta Dentico	Nicoletta Dentico	433444330724793	Facebook	IT	Italy	14	1	47985	13999	1385	0
Federico Gianassi	Federico Gianassi	411416352982060	Facebook	IT	Italy	8	1	45992	15000	792	0
Marco Racca	Marco Racca	1568071770119902	Facebook	IT	Italy	22	1	45978	6000	2178	0
In Dalmine Lista Civica	InDalmine Lista Civica	599505630096703	Facebook	IT	Italy	6	1	44994	18000	594	0
Partito Democratico Piemonte	Giulia Balbo	347359068737044	Facebook	IT	Italy	7	1	44993	14999	692	0
Lista Civica "ProgettiAmo Savignano"	Enrico Tagliavini	2111477435580468	Facebook	IT	Italy	8	1	44992	12000	792	0
Gianni Fabbris candidato alle elezioni Europee 2019	Giovanni Fabbris	324957644589591	Facebook	IT	Italy	9	1	42990	13999	890	0
Lorenzo Marcucci - Alberto Biancheri Sindaco	Lorenzo Marcucci 	2404996886394857	Facebook	IT	Italy	6	1	40994	17000	594	0
Assieme per Cambiare	Remo Zaminato	685647088140579	Facebook	IT	Italy	10	1	40990	16000	990	0
Emanuele Crosato	Emanuele Crosato	2298928176868724	Facebook	IT	Italy	4	1	39996	20000	396	0
Leoluca Armigero	Leoluca Armigero	319683335383679	Facebook	IT	Italy	4	1	39996	20000	396	0
Marzio Olivero	Marzio Olivero 	1226060420905435	Facebook	IT	Italy	4	1	39996	20000	396	0
Rosaria Talarico - Candidata Parlamento europeo - Elezioni europee 2019	Rosaria Talarico	612175085913846	Facebook	IT	Italy	5	1	39995	17000	495	0
Claudia Pagliariccio	CasaPound Italia L'Aquila	1748593245471149	Facebook	IT	Italy	8	1	39991	7999	791	0
Valeria Valente	Valeria Valente	698743116897167	Facebook	IT	Italy	8	1	39991	7999	791	0
Virginia Tiraboschi - Senatore della Repubblica Italiana	Redhab	855225931312085	Facebook	IT	Italy	7	1	37993	15999	693	0
Bengasi Battisti	Carla Gambale	1234886286582199	Facebook	IT	Italy	8	1	36992	10000	792	0
CristianoBubuCappellari	Cristiano Cappellari 	155697555152756	Facebook	IT	Italy	8	1	36992	10000	792	0
Per fortuna sono bianco	Maurizio Chierici	1698573850469214	Facebook	IT	Italy	8	1	35991	6999	792	0
Comiziano 3.0 - La Rinascita dei Valori	Felice Marotta	266177694285351	Facebook	IT	Italy	12	1	35988	6000	1188	0
Socialists and Democrats Group in the European Parliament	Socialists and Democrats Group in the European Parliament	127925800618165	Facebook	IT	Italy	5	1	35630	12670	142	15
Gian Franco Uni	Gian Franco Uni	393361681500975	Facebook	IT	Italy	5	1	34995	13000	495	0
MiglioriAmo Fidenza	Daniele Aiello	704187586308052	Facebook	IT	Italy	7	1	34993	7000	693	0
Movimento Cinque Stelle Folignano	Diego Di Ovidio	363976727107282	Facebook	IT	Italy	11	1	34989	6000	1088	0
Petizioni.it	Silvano Facchinetti	1410474395723679	Facebook	IT	Italy	8	1	33991	11999	792	0
Chiesina Uzzanese e le Sue Frazioni	Carlo Cortesi 	893566094376642	Facebook	IT	Italy	6	1	31994	12000	594	0
Dino Rinoldi	Dino Guido Rinoldi	341359643405970	Facebook	IT	Italy	7	1	31992	9000	693	0
Chiara Mancini	Chiara Mancini	2340086416260521	Facebook	IT	Italy	5	1	31986	14995	494	0
Andrea Raimondi - Candidato Consigliere	Andrea Raimondi	2012555235705769	Facebook	IT	Italy	5	1	30995	12000	495	0
PD Giulianova per Filipponi Sindaco	Partito Democratico Giulianova	890311534646092	Facebook	IT	Italy	5	1	30995	12000	495	0
Tommaso Grassi	Tommaso Grassi	152990974745578	Facebook	IT	Italy	7	1	30993	6000	693	0
Paolo Negro	Paolo Negro	1041791536022579	Facebook	IT	Italy	7	1	30993	6000	693	0
Luigi Augussori - Senatore Lega	Luigi Augussori 	286548979095	Facebook	IT	Italy	3	1	29997	15000	297	0
Leonardo Ciaccio al Parlamento europeo	Roberto Enrique Briceno Garcia 	669384646828910	Facebook	IT	Italy	4	1	29996	12000	396	0
Riformatori Sardi - Liberaldemocratici	Riformatori Sardi - Liberaldemocratici	113804762009156	Facebook	IT	Italy	5	1	29995	9000	495	0
Eduardo Maria Piccirilli - candidato elezioni europee 2019	Eduardo Maria Piccirilli	2210084055756696	Facebook	IT	Italy	4	1	29995	11999	396	0
Edda Crosa · Il coraggio contro le paure	Partito Democratico della Valle d'Aosta	445365289602412	Facebook	IT	Italy	4	1	29994	11999	395	0
Paolo Siani	Paolo Siani	1821913614485612	Facebook	IT	Italy	6	1	29994	6000	594	0
Mihai Popescu	Mihai Popescu	314642105407665	Facebook	IT	Italy	9	1	28991	5000	891	0
MalnateSostenibile	Lista civica Malnate Sostenibile	397809613568460	Facebook	IT	Italy	9	1	28991	5000	891	0
Centrosinistra per Sinalunga con Edo Zacchei Sindaco	Partito Democratico Siena	629810123784822	Facebook	IT	Italy	6	1	26994	8000	594	0
Lorenzo Rizzo	Lorenzo Rizzo 	2209384219127782	Facebook	IT	Italy	6	1	26994	8000	594	0
Fabio Miotti	Fabio Miotti	524584857986270	Facebook	IT	Italy	4	1	25996	11000	396	0
Avanti Insieme con Alberto Biancheri	Alberto Biancheri - Mandatario elettorale  Mauro Giancaterino	365574947366570	Facebook	IT	Italy	4	1	25996	11000	396	0
Tommaso Cenciarelli Sindaco	Massimo Carletti	564374430658475	Facebook	IT	Italy	5	1	25995	8000	495	0
Paolo Arrigoni	Paolo Arrigoni	747073345429789	Facebook	IT	Italy	5	1	25995	8000	495	0
Nicola Silvestrini	Nicola Silvestrini	2291096004437093	Facebook	IT	Italy	6	1	25994	5000	594	0
Lia Montalti	Lia Montalti	1490311121245235	Facebook	IT	Italy	6	1	25994	5000	594	0
Più EuropAlpi - Gruppo tematico della Montagna	Stefano Morcelli 	600034513671739	Facebook	IT	Italy	3	1	24997	11000	297	0
Arci Torino	Arci Torino	1521404598105232	Facebook	IT	Italy	4	1	24996	8000	396	0
Luca Garibaldi	Luca Garibaldi	1994549320790542	Facebook	IT	Italy	4	1	24996	8000	396	0
Enzo Maraio	Luigi Di Martino	1403779849925484	Facebook	IT	Italy	3	1	24996	10999	296	0
Democratici Civici Muggiò	Democratici Civici - Muggiò con Testa	2191838891068698	Facebook	IT	Italy	4	1	24996	8000	396	0
PiùEuropa Verona	Area Liberal	1675149212549602	Facebook	IT	Italy	4	1	24996	8000	396	0
Marco Dell’Acqua - Candidato Consigliere Comune di Pavia	Marco Dell'Acqua	406828380095591	Facebook	IT	Italy	5	1	24995	5000	495	0
Offida Solidarietà e Democrazia	Luigi Massa	210831259107734	Facebook	IT	Italy	5	1	24995	5000	495	0
Onda - Recco	Onda - Recco	538021029594910	Facebook	IT	Italy	5	1	24995	5000	495	0
Tradizione e futuro per Portacomaro e Migliandolo	Lucio Gamba	1037273013145386	Facebook	IT	Italy	5	1	24995	5000	495	0
Luca Vidoni	Luca Onorio Vidoni	392986254173330	Facebook	IT	Italy	5	1	24993	4999	494	0
Francesca Gambarini	Annarita Cacciamani 	1473558732874837	Facebook	IT	Italy	9	1	24991	4000	891	0
Ripamonti Sindaco - Lega Usmate Velate	Francesca Capaccioli	425444267476044	Facebook	IT	Italy	9	1	24991	4000	891	0
Rivivere Borgo con Sunil Pellanda Sindaco	Sunil Pellanda	592540437929912	Facebook	IT	Italy	9	1	24991	4000	891	0
Elezioni Comunali 2019	Matteo Bregonzio	246565882877008	Facebook	IT	Italy	9	1	24991	4000	891	0
Vote for a Woman / Stem op een Vrouw		1329572193784367	Facebook	IT	Italy	3	1	24415	4877	51	0
Isoppo Maria Luisa Sindaco - NOI per Castelnuovo	Ilaria Vernazza	275481246708653	Facebook	IT	Italy	7	1	23993	7000	693	0
European Committee of the Regions	European Committee of the Regions	527351247377965	Facebook	IT	Italy	2	1	23278	10139	144	9
PD Bovisio Masciago	Circolo Partito Democratico Bovisio Masciago	415837031877100	Facebook	IT	Italy	7	1	22993	4000	693	0
Martina Riva	Martina Riva	171834776542782	Facebook	IT	Italy	5	1	21995	7000	495	0
Nicola Adriano	Nicola Adriano	2300656363522637	Facebook	IT	Italy	10	1	21990	3000	990	0
Italia in Comune Como	Mirko Paulon	2285746711688772	Facebook	IT	Italy	4	1	21974	9989	395	0
Alessandro Gaetani - Verbania Viva per Marchionini Sindaco	Alessandro Gaetani	2144362922279334	Facebook	IT	Italy	4	1	20996	7000	396	0
Vezzano di Tutti	Annarita Bergianti 	653038495167238	Facebook	IT	Italy	4	1	20996	7000	396	0
Alberto Biancheri Sindaco	Alberto Biancheri - Mandatario elettorale Mauro Giancaterino	1465222783619463	Facebook	IT	Italy	4	1	20996	7000	396	0
Domenico Damascelli	Domenico Damascelli	62617453081	Facebook	IT	Italy	5	1	20995	4000	495	0
PD Sesto San Giovanni	Ernesto Guido Gatti	435576253166208	Facebook	IT	Italy	5	1	20995	4000	495	0
Progetto Salò	Massimo De Tommaso	312137638926386	Facebook	IT	Italy	5	1	20995	4000	495	0
Jacopo Morrone	Jacopo Morrone	574913852523601	Facebook	IT	Italy	5	1	20994	3999	494	0
Davide Milan	Davide Milan	192738147436471	Facebook	IT	Italy	5	1	20994	3999	494	0
Forza Italia Fidenza	Annarita Cacciamani 	137907152910910	Facebook	IT	Italy	9	1	20991	3000	891	0
Cantaluppi Lorenzo	Lorenzo Cantaluppi	684875511722782	Facebook	IT	Italy	2	1	19998	10000	198	0
Olimpia Troili		678908455899403	Facebook	IT	Italy	2	1	19998	10000	198	0
Fratelli d'Italia Piacenza	Tommaso Foti	320577218132562	Facebook	IT	Italy	2	1	19998	10000	198	0
Elena Piastra	Elena Piastra	280700035833011	Facebook	IT	Italy	2	1	19998	10000	198	0
Spi Cgil Emilia Romagna	Marco Sotgiu	302217009973416	Facebook	IT	Italy	2	1	19998	10000	198	0
Diego Banti - Candidato al Consiglio Comunale di Collesalvetti	Diego Banti	656768971418493	Facebook	IT	Italy	2	1	19998	10000	198	0
Annarita D'Urbano		193639731519498	Facebook	IT	Italy	2	1	19998	10000	198	0
Con il Lavoro per Zingaretti	Marcello Merola	361794611322734	Facebook	IT	Italy	2	1	19997	9999	198	0
Flavio Tosi - Verona	Flavio Tosi	438871629962518	Facebook	IT	Italy	3	1	19997	7000	297	0
Die Freiheitlichen (Freiheitliche Partei Südtirol)	Die Freiheitlichen (Freiheitliche Partei Südtirol)	54763854010	Facebook	IT	Italy	3	1	19997	7000	297	0
Tommaso Foti	Tommaso Foti	1480937442190427	Facebook	IT	Italy	2	1	19997	9999	197	0
Marco Cardona	Marco Cardona	249206709289799	Facebook	IT	Italy	3	1	19997	7000	297	0
Massimiliano Pompignoli	Massimiliano Pompignoli	575901269205920	Facebook	IT	Italy	3	1	19997	7000	297	0
Luca Pollastri	Luca Pollastri 	2876030782421977	Facebook	IT	Italy	3	1	19997	7000	297	0
Samuele Mascarin - LE IDEE IN COMUNE	Samuele Mascarin - LE IDEE IN COMUNE	174921619345619	Facebook	IT	Italy	3	1	19997	7000	297	0
Rosaria Lombardi		1519306484755344	Facebook	IT	Italy	3	1	19997	7000	297	0
Matteo Melato - Lega Reggio Emilia	Matteo Melato 	539466976169977	Facebook	IT	Italy	3	1	19997	7000	297	0
Fridays For Future Treviso	Ettore Casellato	1893610467414052	Facebook	IT	Italy	3	1	19997	7000	297	0
Moreno Lirutti	Moreno Lirutti	836348860060280	Facebook	IT	Italy	4	1	19996	4000	396	0
Paolo Pierotti - Lista Civica Giovani Ambiente Territorio - Gubbio	Paolo Pierotti	302894793973736	Facebook	IT	Italy	4	1	19996	4000	396	0
L'isola Che Vorrei	L'Isola che Vorrei	777285802655412	Facebook	IT	Italy	4	1	19996	4000	396	0
Simone Coco	Simone Coco	1729365230675773	Facebook	IT	Italy	4	1	19996	4000	396	0
Studio Gullì		178197619184656	Facebook	IT	Italy	3	1	19995	6999	296	0
Centro sinistra per Rolo	Luca Nasi 	240937119441133	Facebook	IT	Italy	16	1	19984	1000	1584	0
Nadia Piseddu - Candidata Elezioni Europee 2019 per il Nord Est	Nadia Piseddu	769749373379038	Facebook	IT	Italy	6	1	18994	6000	594	0
Jessy_YR	Jessica Testi	341688166468282	Facebook	IT	Italy	6	1	18986	5996	593	0
Alessandro Spalletta - Delegato Provinciale Fi di Roma	Matteo Boldrini	2273188646254321	Facebook	IT	Italy	5	1	17995	6000	495	0
Paola Sardella per Montesilvano	Paola Sardella	391653771685610	Facebook	IT	Italy	10	1	17990	2000	990	0
Claudia Stomeo	Marco Panareo	357540418216403	Facebook	IT	Italy	5	1	16995	3000	495	0
Otto Mahlknecht	Otto Mahlknecht 	106077056742524	Facebook	IT	Italy	4	1	16983	5993	395	0
Villanova Alberto	Alberto Villanova	409107345847573	Facebook	IT	Italy	3	1	15997	6000	297	0
Lista Cittadini Savignano	Lista dei Cittadini Insieme per Savignano	172357643136863	Facebook	IT	Italy	3	1	15997	6000	297	0
Michele Carini - Candidato Lega Gubbio	Michele Carini	2159934824101645	Facebook	IT	Italy	3	1	15997	6000	297	0
Dmitrij Palagi	Benedetto Pietro Casu	633923633714551	Facebook	IT	Italy	3	1	15997	6000	297	0
Sanremo al Centro	Alberto Biancheri - Mandatario elettorale Mauro Giancaterino	688834634807723	Facebook	IT	Italy	3	1	15997	6000	297	0
Lega - Salvini Premier sezione di Caneva	Francesco Zoldan	325306734244094	Facebook	IT	Italy	4	1	15996	3000	396	0
Arcigay "Marcella Di Folco" Salerno	Francesco Napoli	136110113119570	Facebook	IT	Italy	4	1	15995	2999	395	0
Mao Valpiana - Europa VERDE - European Green Party	Mao Valpiana	442129529886999	Facebook	IT	Italy	2	1	14998	6000	198	0
Lorenzo Barbero	Lorenzo Barbero	440209609853221	Facebook	IT	Italy	2	1	14998	6000	198	0
Alan Fabbri Sindaco	Comitato Elettorale Alan Fabbri Sindaco	2219200278136052	Facebook	IT	Italy	2	1	14998	6000	198	0
Michela Giuliani - Lega Foligno	Michela Giuliani 	977482079125273	Facebook	IT	Italy	2	1	14998	6000	198	0
Marco Magarini Montenero	Marco Magarini Montenero	2327015047579648	Facebook	IT	Italy	2	1	14998	6000	198	0
Stefano Ponte - Collegno	Stefano Ponte	291139681575538	Facebook	IT	Italy	2	1	14998	6000	198	0
Mario Pozzi	Mario Pozzi	1863868990388556	Facebook	IT	Italy	2	1	14998	6000	198	0
Marco Mandarini	marco mandarini	1441050372807502	Facebook	IT	Italy	2	1	14998	6000	198	0
Sorino X Noale Briana Cappelletta Moniego	Alvise Trevisan	382323875934326	Facebook	IT	Italy	2	1	14998	6000	198	0
Prc Brescia	Luigi Tedoldi	1535861796655078	Facebook	IT	Italy	2	1	14998	6000	198	0
Forlì Solidale e Verde	Forlì Solidale e Verde	1113421388830085	Facebook	IT	Italy	2	1	14998	6000	198	0
Lettieri Luca	Luca Lettieri 	1577623652529270	Facebook	IT	Italy	2	1	14998	6000	198	0
Paolo Apostoli - Candidato Consigliere per la lista "Scelgo Botticino"	Paolo Apostoli 	648340045592828	Facebook	IT	Italy	2	1	14998	6000	198	0
Luca Di Egidio	Luca Di Egidio	993724994029066	Facebook	IT	Italy	2	1	14998	6000	198	0
Fratelli d'Italia Civita Castellana	Fratelli d'Italia Civita Castellana	799617696744055	Facebook	IT	Italy	3	1	14997	3000	297	0
Vittoria Poggio in Europa	Vittoria Poggio	416919075572342	Facebook	IT	Italy	3	1	14997	3000	296	0
La Strada Nuova di Stradella con Mattia Grossi Sindaco	La Strada Nuova per Stradella	197536790434998	Facebook	IT	Italy	3	1	14997	3000	297	0
Giovani Democratici Bologna	Giovani Democratici Bologna	473744446074107	Facebook	IT	Italy	3	1	14997	3000	297	0
Massimo Ruspandini	Roberta Pugliese	1382842338499099	Facebook	IT	Italy	3	1	14997	3000	297	0
FLC CGIL Modena	FLC CGIL MODENA	2061993930698632	Facebook	IT	Italy	3	1	14997	3000	297	0
Massimiliano Fedriga	Massimiliano Panizzut	128092225392	Facebook	IT	Italy	3	1	14997	3000	297	0
Elezionistatigeneralidelledonne	Maria Grazia Flora Santagostino	260931531372598	Facebook	IT	Italy	2	1	14997	6000	198	0
Filippo Castaldini	Filippo Castaldini	1826573307577564	Facebook	IT	Italy	3	1	14997	3000	297	0
Misfancy	Francesca Antonucci	1335596166495083	Facebook	IT	Italy	2	1	14997	5999	197	0
Giovanni Piccoli	Giovanni Piccoli	725107840944850	Facebook	IT	Italy	3	1	14997	3000	297	0
Cgil Puglia	Giuseppe Marco Binetti	406962326129744	Facebook	IT	Italy	3	1	14997	3000	297	0
Uniti per Marano	Gian Luca Gianaroli	260582318183152	Facebook	IT	Italy	3	1	14997	3000	297	0
Enrico Morando		600839130391177	Facebook	IT	Italy	2	1	14997	5999	197	0
Sandro Fucito - La Sinistra	Alessandro Fucito	1575493769447797	Facebook	IT	Italy	2	1	14997	5999	197	0
Stefano Parisi	Energie PER l'Italia	553711871453130	Facebook	IT	Italy	3	1	14996	3000	297	0
Felice Zingarelli - Teknopolitica	Felice Zingarelli	1412293382368685	Facebook	IT	Italy	2	1	14990	5996	197	0
Uniti Per Oleggio	Matteo Manfredino	319574408751434	Facebook	IT	Italy	5	1	12995	2000	495	0
Cgil Rieti Roma Est Valle dell'Aniene	Cgil Rieti Roma Est Valle dell'Aniene	1389445751377147	Facebook	IT	Italy	4	1	12995	4999	395	0
Insieme per Agrate	Insieme per Agrate	171167496341020	Facebook	IT	Italy	5	1	12995	2000	495	0
Maria Fiorito Sindaco di Muggiò	Francesco Lauria	266642000163056	Facebook	IT	Italy	3	1	11997	5000	297	0
Lista Civica Rinascita Grottese	Lista Civica Rinascita Grottese	2075406492758580	Facebook	IT	Italy	4	1	11996	2000	396	0
Verdi Grüne Vërc	Verdi Grüne Verc	371245232946932	Facebook	IT	Italy	4	1	11996	2000	396	0
Maurizia Rota - Fratelli d'Italia in Europa	Pietro Giuliani	1221179181419254	Facebook	IT	Italy	3	1	11996	5000	297	0
Daniele Baglione	Daniele Baglione	301747710209067	Facebook	IT	Italy	4	1	11996	2000	396	0
Francesca Bedogni Sindaca di Cavriago	Luca Brami	393065071426048	Facebook	IT	Italy	4	1	11996	2000	396	0
grillonews.it - giornale equo e solidale	Amedeo Tosi 	220549806511	Facebook	IT	Italy	4	1	11996	2000	395	0
Lega Salvini Premier Liga Veneta Segreteria Provinciale di Vicenza	Alessandro Petracca	282041905286580	Facebook	IT	Italy	2	1	10998	5000	198	0
Daniele Di Lucrezia		772761096175448	Facebook	IT	Italy	2	1	10998	5000	198	0
Antonella Lella all’Europarlamento	Antonella Lella	433965244085333	Facebook	IT	Italy	2	1	10998	5000	198	0
MIRA Visionary Concept	Giuseppe Fontana	548657991991295	Facebook	IT	Italy	2	1	10997	4999	198	0
Per Chiesina Uzzanese	Per Chiesina Uzzanese - Di Nuovo Insieme	1402850209999395	Facebook	IT	Italy	3	1	10997	2000	297	0
QdN Qualcosa di Napoli	Angela Pascale	375975729177114	Facebook	IT	Italy	3	1	10997	1999	297	0
Roberto Bazzarello	Roberto Bazzarello	281871691915011	Facebook	IT	Italy	3	1	10997	2000	297	0
Giambattista Gagliardi	Giambattista Gagliardi	1412876132209720	Facebook	IT	Italy	3	1	10997	2000	297	0
Massimo Mariotti		450662341938048	Facebook	IT	Italy	3	1	10997	2000	297	0
Diego Zardini	Diego Zardini	220168154786111	Facebook	IT	Italy	3	1	10997	2000	297	0
Articolo Uno Pescara	Francesco D'Agresta	370948169996345	Facebook	IT	Italy	3	1	10997	2000	297	0
Roberta Paparatto	Federica Giussani 	2064143477017827	Facebook	IT	Italy	2	1	10997	5000	197	0
STOCK HOUSE	Marco Petracca 	1463690727217558	Facebook	IT	Italy	3	1	10996	1999	296	0
Sense Mesura		1606564102740842	Facebook	IT	Italy	43	1	10370	0	1027	0
Gabriela Mirescu		2618888988127707	Facebook	IT	Italy	4	1	10162	4507	178	0
Sinistra Autonomia Federalismo	Paolo Tosciri	781472538871886	Facebook	IT	Italy	1	1	9999	5000	99	0
Piazza Grande Savigliano - per il Partito Democratico	Alessandro Ghiberti	2275887039358471	Facebook	IT	Italy	1	1	9999	5000	99	0
Enrico Sostegni	Enrico Sostegni	1940475109366826	Facebook	IT	Italy	1	1	9999	5000	99	0
Camera del Lavoro di Milano	Camera del Lavoro di Milano	763654407033042	Facebook	IT	Italy	1	1	9999	5000	99	0
Sergio Fucito	Sergio Fucito	162598567676350	Facebook	IT	Italy	1	1	9999	5000	99	0
Domenico Ravetti - Con te dalla parte della Regione	Domenico Ravetti	773333472753302	Facebook	IT	Italy	1	1	9999	5000	99	0
Claudio Taglia		216535025570291	Facebook	IT	Italy	1	1	9999	4999	98	0
Davide Ranalli Sindaco	Diego Leoni 	293770371241270	Facebook	IT	Italy	1	1	9999	5000	99	0
Uomini Liberi Uomini Dei		1213082098781770	Facebook	IT	Italy	1	1	9999	5000	99	0
Elisabetta Vaccarella	Elisabetta Vaccarella	302587767100384	Facebook	IT	Italy	1	1	9999	5000	99	0
Raffaele Fitto	Raffaele Fitto	34987266938	Facebook	IT	Italy	1	1	9999	5000	99	0
Massimo Giorgetti		1401059500196202	Facebook	IT	Italy	1	1	9999	5000	98	0
Vota Essere Varazze, scrivi GUIDO	Andrea Guido	329383094403641	Facebook	IT	Italy	1	1	9999	5000	99	0
Roberta Ferrero	Andrea Morello	148367009301755	Facebook	IT	Italy	1	1	9999	5000	99	0
Giannini Fabio - Bartolomei Sindaco		676930582768218	Facebook	IT	Italy	1	1	9999	5000	99	0
Lega Bassano del Grappa	Marco Vidale 	397605376953766	Facebook	IT	Italy	1	1	9999	5000	99	0
Caterina Lucangeli per il Candidato Avv. Stefano Zuccarini		410798853063764	Facebook	IT	Italy	1	1	9999	5000	99	0
Isabella Dotto	Isabella Dotto	329315094559060	Facebook	IT	Italy	1	1	9999	5000	99	0
Rete 22 Ottobre - Lombardia		190937334880928	Facebook	IT	Italy	1	1	9999	5000	99	0
Andrea Meoni		201041217462282	Facebook	IT	Italy	1	1	9999	5000	99	0
Alberto Biancheri	Alberto Biancheri	1454537551440761	Facebook	IT	Italy	1	1	9999	5000	99	0
Luca Saccone	Luca Saccone	319405328700156	Facebook	IT	Italy	1	1	9999	5000	99	0
Lega Cumiana-Salvini Premier	Carlo Salusso	2037545889655626	Facebook	IT	Italy	1	1	9999	5000	99	0
Silvia Malivindi candidata M5S Europee Nord Ovest	Silvia Malivindi	626278124502686	Facebook	IT	Italy	1	1	9999	5000	99	0
Enrico Bianchi Candidato Consigliere al Comune di Firenze		447076462717558	Facebook	IT	Italy	1	1	9999	5000	99	0
Gianluca Macone candidato Eurodeputato M5S circoscrizione Italia centrale	Gianluca Macone	423247661773858	Facebook	IT	Italy	1	1	9999	5000	99	0
Robert von Hackwitz	Robert Von Hackwitz	261404898103546	Facebook	IT	Italy	1	1	9999	5000	99	0
Movimento 5 Stelle Valle d'Aosta	Luciano Alfredo Nicola Mossa	161659869908	Facebook	IT	Italy	1	1	9999	5000	99	0
SÌ Tav SÌ Lavoro per il Piemonte nel cuore		987211228033960	Facebook	IT	Italy	1	1	9999	5000	99	0
Elena Perini Comunali  26 Maggio		416202625877797	Facebook	IT	Italy	1	1	9999	5000	99	0
Partito Democratico Rosolini	PD Rosolini	613684588696096	Facebook	IT	Italy	1	1	9999	5000	99	0
Ecoscelte	Cristian Menghetti	268956994020348	Facebook	IT	Italy	1	1	9999	5000	99	0
Movimento 5 Stelle Forlì	Daniele Vergini	524152300953555	Facebook	IT	Italy	1	1	9999	5000	99	0
Più Europa Settimo Torinese	Nino Daniel	1440197006115766	Facebook	IT	Italy	1	1	9999	5000	99	0
Alessandro Marra	Alessandro Marra 	425467448247565	Facebook	IT	Italy	1	1	9999	5000	499	100
Enrico Campofiorito	Enrico Campofiorito 	312899675956641	Facebook	IT	Italy	1	1	9999	5000	99	0
Carlo Malvicini - candidato nella lista Centrodestra Soresina		399394434234142	Facebook	IT	Italy	1	1	9999	5000	99	0
Primavera Nazionale		666034226752669	Facebook	IT	Italy	1	1	9999	5000	99	0
Area Rieti	Felice Costini	1657823274462372	Facebook	IT	Italy	1	1	9999	5000	99	0
PD Ottava Circoscrizione VR	Giuseppe Merlin	2246774735559915	Facebook	IT	Italy	1	1	9999	5000	99	0
Torrese Sindaco 5 Stelle per Rivoli		493488907425208	Facebook	IT	Italy	1	1	9999	5000	99	0
Luisa Regimenti	Luisa Regimenti	201996906606311	Facebook	IT	Italy	1	1	9999	5000	99	0
TIWI studio	TIWI studio 	646910878750333	Facebook	IT	Italy	2	1	9998	2000	198	0
Unione Universitaria - UDU Modena e Reggio Emilia	Alessio Dondi	159133554164159	Facebook	IT	Italy	2	1	9998	2000	198	0
CasaPound Italia L'Aquila	CasaPound Italia L'Aquila	267270336804324	Facebook	IT	Italy	2	1	9998	2000	198	0
Michele Grimaldi	Michele Grimaldi	223942404457012	Facebook	IT	Italy	2	1	9998	2000	198	0
Salvatore Lantino		435994097176832	Facebook	IT	Italy	2	1	9998	2000	176	0
Luigi Sanfilippo	Luigi Sanfilippo	328086050667738	Facebook	IT	Italy	2	1	9998	2000	198	0
Team Köllensperger	Renate Holzeisen	201834673860032	Facebook	IT	Italy	2	1	9998	2000	198	0
Maria Veronica Rossi	Federico Rotondo	1084909315030192	Facebook	IT	Italy	2	1	9998	2000	197	0
Giancarlo Tagliaferri	Giancarlo Tagliaferri	625590310861100	Facebook	IT	Italy	2	1	9998	2000	198	0
Movimento Federalista Europeo (MFE)	Movimento Federalista Europeo (MFE)	232586513421372	Facebook	IT	Italy	1	1	9998	4999	98	0
Michele Mosca	Alessio Pasqualini	2088971707888562	Facebook	IT	Italy	2	1	9998	2000	198	0
Fratelli d'Italia - Circolo di Erba Pinuccio Tatarella		177260355962767	Facebook	IT	Italy	2	1	9998	2000	198	0
Gabriel Zurlo Sconosciuto, Candidato a Mesagne	Gabriel Zurlo Sconosciuto	586251125203754	Facebook	IT	Italy	2	1	9998	2000	198	0
vittoriospagni_lega	Vittorio Spagni	852386928448097	Facebook	IT	Italy	2	1	9998	2000	198	0
Ginevra Bompiani		2025732017554267	Facebook	IT	Italy	1	1	9998	5000	99	0
Luciano D'Alfonso	Luciano D'Alfonso	250369701810297	Facebook	IT	Italy	2	1	9998	2000	198	0
Reggio è	Caterina Tonon	1057889714403082	Facebook	IT	Italy	2	1	9998	2000	198	0
Gruppo Civico CambiAngera e A come Angera	Alessandro Paladini Molgora	393477058162577	Facebook	IT	Italy	2	1	9998	2000	198	0
Sinistra per Staranzano	Riccardo Faraone	558719987541649	Facebook	IT	Italy	2	1	9998	2000	198	0
ATriesteperTolmezzo	Leonardo Bonanni	2276028692664039	Facebook	IT	Italy	2	1	9998	2000	198	0
Eugenio Fusignani candidato +Europa		1681396375457357	Facebook	IT	Italy	2	1	9998	2000	176	0
Roberto Di Stefano - Candidato alle Elezioni Regionali Piemonte 2019	Roberto Di Stefano	1146569258880241	Facebook	IT	Italy	2	1	9998	2000	198	0
Giovanni Nezzo e Marina Agostino per Sanremo 2019	Fabrizio Lupi	1893433370779693	Facebook	IT	Italy	2	1	9998	2000	198	0
Francesca Travison sindaco		417954509008934	Facebook	IT	Italy	1	1	9998	4999	98	0
Fratelli d'Italia - Vasto	Marco Di Michele Marisi 	542099659162463	Facebook	IT	Italy	2	1	9998	2000	198	0
Slow Food - Oglio, Franciacorta, Lago d'Iseo		419942977924	Facebook	IT	Italy	2	1	9998	2000	198	0
Insieme per Montefiore	Insieme per Montefiore	935704169936444	Facebook	IT	Italy	2	1	9998	2000	198	0
Elvio Rostagno		753115624754961	Facebook	IT	Italy	2	1	9998	2000	198	0
Daniela Ruffino	Paolo Peira	1408192702783124	Facebook	IT	Italy	2	1	9998	2000	198	0
Pennini Paolo	Paolo Pennini	2308895076058232	Facebook	IT	Italy	2	1	9998	1999	198	0
CLAYTON		122493385103	Facebook	IT	Italy	1	1	9998	4999	98	0
Francesca Alderisi		227160244510020	Facebook	IT	Italy	1	1	9998	5000	88	0
Gian Piero Joime	Gian Piero Joime	1596602757297534	Facebook	IT	Italy	2	1	9998	2000	198	0
Iris Babilonia	Irene Usbergo	982135161844386	Facebook	IT	Italy	2	1	9997	1999	197	0
Progetto Identità Sconfinate	Rosa Maria Currò	1539777176155570	Facebook	IT	Italy	2	1	9997	1999	197	0
Patrizia Perrone	Patrizia Perrone 	432738340424818	Facebook	IT	Italy	2	1	9997	2000	197	0
Associazione Hera	Maria Elvira Romeo	1600098883391651	Facebook	IT	Italy	2	1	9997	1999	198	0
Studio Medico e Psicologico "Centro Umanistico" Alessandria	Sara Bosatra 	504110459623920	Facebook	IT	Italy	2	1	9997	1999	197	0
Business.it	Business.it	673556626032617	Facebook	IT	Italy	2	1	9997	1999	197	0
Marco Ravaioli per Forlì		167313460363533	Facebook	IT	Italy	2	1	9997	2000	198	0
Elena Grandi	Andrea Chisu	193926933981763	Facebook	IT	Italy	1	1	9996	4998	98	0
Giovanni Gostoli	Giovani Gostoli	559279314451930	Facebook	IT	Italy	6	1	9994	1000	594	0
The New Poets	The New Poets	599113113791532	Facebook	IT	Italy	6	1	9993	999	594	0
Stella Visconti Candidata Portavoce M5S al Parlamento Europeo Centro Italia	Claudio Zarro 	172683703648936	Facebook	IT	Italy	1	1	9990	4995	98	0
Vanessa AMATI per Usmate Velate	Cristiano Puglisi	662422970877759	Facebook	IT	Italy	4	1	7996	1000	396	0
Simona Forzoni	Simona Forzoni	1306658982818641	Facebook	IT	Italy	4	1	7996	1000	396	0
Giovani Democratici provincia di Modena	Giovani Democratici provincia di Modena	78729426026	Facebook	IT	Italy	4	1	7996	1000	396	0
Piero Cecchinato		1506026019664320	Facebook	IT	Italy	3	1	6997	1000	297	0
Dario Pareschi	Dario Pareschi	400784997407816	Facebook	IT	Italy	3	1	6997	1000	297	0
Insieme Per Magliano	Insieme per Magliano	817291631982195	Facebook	IT	Italy	3	1	6997	1000	297	0
Paolo Narcisi - Elezioni Europee 2019	Paolo Narcisi	267745780834375	Facebook	IT	Italy	3	1	6997	999	297	0
Fiom Cgil Nazionale	Michela Bevere	78832128959	Facebook	IT	Italy	3	1	6996	999	297	0
Fabio Castelli	Fabio Castelli	1405273906374467	Facebook	IT	Italy	3	1	6996	1000	297	0
Lista  Insieme per Poirino	Pier Antonio Pasquero	478151245572856	Facebook	IT	Italy	7	1	6993	0	693	0
Copertino 5 Stelle	Andrea Villani	1562674140671482	Facebook	IT	Italy	2	1	5998	1000	198	0
In Cammino Castel San Niccolò	Giorgio Trevisan	287390428275174	Facebook	IT	Italy	2	1	5998	1000	198	0
Il puntino sulla d	Francesco Portone	252906558149274	Facebook	IT	Italy	2	1	5998	1000	198	0
Cristiano Puglisi	Cristiano Puglisi	325631827561520	Facebook	IT	Italy	2	1	5998	999	198	0
Più Europa - Padova	Piero Cecchinato	478672579182724	Facebook	IT	Italy	2	1	5998	1000	198	0
Basiglio-Ribaudo Ettore Guido	Ettore Ribaudo	448921391837502	Facebook	IT	Italy	2	1	5998	1000	198	0
L'Unità dei Comunisti Casa della Sinistra - Belpasso	Massimo Vallone	314161845659945	Facebook	IT	Italy	2	1	5998	1000	198	0
Volt Bologna	Marcello Saltarelli	128614167809041	Facebook	IT	Italy	2	1	5998	1000	198	0
Rotary Club Merate Brianza		517577551733921	Facebook	IT	Italy	2	1	5998	1000	198	0
San Giorgio di Piano a 5 Stelle		631302016909675	Facebook	IT	Italy	2	1	5997	1000	197	0
Lista civica Stabilitá e Futuro - Giustino Bello Sindaco	Sandra Bianciotto	2125079321116134	Facebook	IT	Italy	2	1	5997	999	197	0
Lo Specchio :o)(o:	Maurizio Sabbadini	605127432920467	Facebook	IT	Italy	6	1	5994	0	594	0
Popolo della Famiglia - Friuli Venezia Giulia	Renzo Erman	986432204797432	Facebook	IT	Italy	2	1	5989	999	197	0
Adapt Oristano	Andrea Vallebona	968718499992203	Facebook	IT	Italy	1	1	4999	1000	99	0
GOL - Giustizia Onore Libertà	Gruppo G.O.L. - Giustizia Onore Libertà	231849200339636	Facebook	IT	Italy	1	1	4999	1000	99	0
Giovanni Gargano	Daniele Righi	611950048900893	Facebook	IT	Italy	1	1	4999	1000	99	0
Simone Campus	Simone Campus 	142214685834262	Facebook	IT	Italy	1	1	4999	1000	99	0
Alberto Cardillo	Gaetano Alberto Seby Cardillo	2178019648960756	Facebook	IT	Italy	1	1	4999	1000	99	0
Mila X Piossasco	Luca Di Luzio	397852847612691	Facebook	IT	Italy	1	1	4999	1000	99	0
Luciano Ciocchetti	Luciano Ciocchetti	121702741251975	Facebook	IT	Italy	1	1	4999	1000	99	0
CasaPound Italia Valdinievole	Lorenzo Berti 	121723957849992	Facebook	IT	Italy	1	1	4999	1000	99	0
Roberto Di Stefano	Roberto Di Stefano	264869596888019	Facebook	IT	Italy	1	1	4999	1000	99	0
Siena Pirata	Michele Pinassi 	166722470866546	Facebook	IT	Italy	1	1	4999	1000	99	0
Il Blog di Michele Pinassi, un #babbosmart	Michele Pinassi 	156270171108051	Facebook	IT	Italy	1	1	4999	1000	99	0
Gianni Dal Moro	Gianni Dal Moro	1612665252126825	Facebook	IT	Italy	1	1	4999	1000	99	0
Merqurio Napoli	Francesco De Rienzo	1490730267848206	Facebook	IT	Italy	1	1	4999	1000	99	0
Rifondazione Comunista Cesano Boscone	Dario Ballardini	803247993346865	Facebook	IT	Italy	1	1	4999	1000	99	0
Fratelli d'Italia - Civitanova Marche	Pierpaolo Borroni 	722545074518754	Facebook	IT	Italy	1	1	4999	1000	99	0
Andrea Asciuti		1189591651064118	Facebook	IT	Italy	1	1	4999	1000	99	0
Renziani per Zingaretti		354801582017569	Facebook	IT	Italy	1	1	4999	1000	88	0
Gambara Domani	Dario Rubessi	951296355020025	Facebook	IT	Italy	1	1	4999	1000	98	0
L'unione falla forse - Il Film	L'unione falla forse	1929392647334919	Facebook	IT	Italy	1	1	4999	1000	99	0
PD Venezia	Partito Democratico Unione Comunale di Venezia	305506659939331	Facebook	IT	Italy	1	1	4999	1000	99	0
GPuglia		131946381000870	Facebook	IT	Italy	1	1	4999	999	88	0
Circolo PD Vomero	Marcello Merola	641544702632404	Facebook	IT	Italy	1	1	4999	1000	99	0
Russicinquestelle - Amici di Beppe Grillo		1653846971363641	Facebook	IT	Italy	1	1	4999	1000	99	0
CasaPound Italia Firenze		1515644552017511	Facebook	IT	Italy	1	1	4999	1000	99	0
Tiziana Alterio		165311350759501	Facebook	IT	Italy	1	1	4999	1000	99	0
Lorem Ipsum	Gabriele D'Angelo	238950726749912	Facebook	IT	Italy	1	1	4999	1000	99	0
Comitato Siamo Europei Prato	All You srl	2707693559257275	Facebook	IT	Italy	1	1	4999	1000	99	0
Arcigay Genova	Claudio Tosi	617325368342701	Facebook	IT	Italy	1	1	4999	1000	99	0
Rifondazione Comunista Ruvo	Giovani Comunisti/e	1548705525414371	Facebook	IT	Italy	1	1	4999	1000	99	0
Mauro Santoni	Mauro Santoni	2313274495628630	Facebook	IT	Italy	1	1	4999	1000	99	0
Fratelli d'Italia - Chiesina Uzzanese	Lorenzo Vignali	838044869621504	Facebook	IT	Italy	1	1	4999	1000	99	0
Andrea Giordani - Candidato Sindaco Modena		569301756900364	Facebook	IT	Italy	1	1	4999	1000	99	0
Luca Mazzinghi	Luca Mazzinghi	391474518009983	Facebook	IT	Italy	1	1	4999	1000	99	0
Immagina Reggio	Nicola Giacchè	2198985630432256	Facebook	IT	Italy	1	1	4999	1000	99	0
Circolo Pd Biella	Daniele Ghisio	565287306938607	Facebook	IT	Italy	1	1	4999	1000	99	0
Paola Girolami Fan Page ��		356933994951599	Facebook	IT	Italy	1	1	4999	999	88	0
Forza Nuova Fasano		1653993334891742	Facebook	IT	Italy	1	1	4999	1000	99	0
Pergola UNITA		224142501043264	Facebook	IT	Italy	1	1	4999	1000	99	0
Debora Cozzolino		319347611995585	Facebook	IT	Italy	1	1	4999	1000	99	0
Noi di Ascoli		498726230531522	Facebook	IT	Italy	1	1	4999	1000	99	0
I love Arzignano		417378611718011	Facebook	IT	Italy	1	1	4999	1000	99	0
Moreno Di Pietrantonio	Walter Verrigni 	727882667246703	Facebook	IT	Italy	1	1	4999	1000	99	0
Ridiamo per non piangere		327846087995802	Facebook	IT	Italy	1	1	4999	1000	99	0
Eliano BASSI Sindaco a Buttrio		669624603455737	Facebook	IT	Italy	1	1	4999	1000	99	0
Pietro Marra	Pietro Marra	1375232809401725	Facebook	IT	Italy	1	1	4999	1000	99	0
Elezioni Comunali Pontedera a cura di Alessandro Tantussi		152645494910840	Facebook	IT	Italy	1	1	4999	1000	99	0
Riccardo Polli - Lega Foligno	Riccardo Polli 	698227893967880	Facebook	IT	Italy	1	1	4999	1000	99	0
Patria e Costituzione	Patria e Costituzione	465228750648767	Facebook	IT	Italy	1	1	4999	1000	99	0
Marco Dreosto		521834031533123	Facebook	IT	Italy	1	1	4999	1000	88	0
Partito Socialista Italiano Treviso		159116674242320	Facebook	IT	Italy	1	1	4999	1000	99	0
Civica Preganziol		316563112511110	Facebook	IT	Italy	1	1	4999	1000	99	0
Mila Spicola in Europa		228944137628154	Facebook	IT	Italy	1	1	4999	1000	99	0
Francesco Sangermano - Lista Nardella Sindaco	Francesco Sangermano	579633412446869	Facebook	IT	Italy	1	1	4999	1000	99	0
Luca Borsari		2305563149675570	Facebook	IT	Italy	1	1	4999	1000	99	0
Giovanni Parisi	Giovanni Parisi	406353940154484	Facebook	IT	Italy	1	1	4999	1000	99	0
La Nuova Malalbergo		348504389136153	Facebook	IT	Italy	1	1	4999	1000	99	0
Circolo Pertini Sarzana		719357585104851	Facebook	IT	Italy	1	1	4999	1000	99	0
Movimento Federalista Europeo - Mfe Gfe Pavia	Movimento federalista europeo - sezione di Pavia	159124410843770	Facebook	IT	Italy	1	1	4999	1000	99	0
Iacono Giuseppe Candidato Consigliere Empoli		584896551995813	Facebook	IT	Italy	1	1	4999	1000	99	0
PD Rezzato		645458298917628	Facebook	IT	Italy	1	1	4999	999	99	0
Roberto Marin		299487204326715	Facebook	IT	Italy	1	1	4999	1000	99	0
Danae	Raffaele Vanacore	720026498039830	Facebook	IT	Italy	1	1	4999	1000	99	0
Hassan Samid		217826828882488	Facebook	IT	Italy	1	1	4999	1000	99	0
Articolo UNO - MDP Reggio Emilia	Caterina Tonon	1847373655539008	Facebook	IT	Italy	1	1	4999	1000	99	0
Partito Democratico - Avigliana	Sandro Rosso	1501758820050852	Facebook	IT	Italy	1	1	4999	1000	99	0
Comitato Giovanni Capecchi Sindaco	Giovanni Capecchi 	2312698542113657	Facebook	IT	Italy	1	1	4999	1000	99	0
PD Pesaro e Urbino		172828472924539	Facebook	IT	Italy	1	1	4999	1000	99	0
Iacopo Aquilini Capannori 2019	Iacopo  Aquilini 	324439411308288	Facebook	IT	Italy	1	1	4999	1000	99	0
Togni Sindaco		1446011955662243	Facebook	IT	Italy	1	1	4999	1000	99	0
Walter Togni Sindaco - Costruire Futuro	Davide Arminio 	2159685880805725	Facebook	IT	Italy	1	1	4999	1000	99	0
Comitato Ritorno al Futuro - Roma Vero 8	Vinci	362830917875060	Facebook	IT	Italy	1	1	4999	1000	99	0
Comitato Liberazione Nazionale Veneto		1514376455494442	Facebook	IT	Italy	1	1	4999	1000	99	0
Dentista Migliucci Pozzuoli		710767628991924	Facebook	IT	Italy	1	1	4999	1000	99	0
Marco Curcio - Lega Prato		2120640581323528	Facebook	IT	Italy	1	1	4999	1000	99	0
Associazione Sempre Avanti Ravenna	Antonio Lazzari 	213275992944511	Facebook	IT	Italy	1	1	4999	1000	99	0
Articolo Uno Pistoia	Mattia Nesti	454870328326542	Facebook	IT	Italy	1	1	4999	1000	99	0
In Comune - Fano	Simone Uguccioni	349745542257965	Facebook	IT	Italy	1	1	4999	1000	99	0
Coluccini Alberto		1468665140013106	Facebook	IT	Italy	1	1	4999	1000	99	0
Sara Stucchi		2387759301511108	Facebook	IT	Italy	1	1	4999	1000	99	0
Partito Socialista Italiano f.ne di Teramo		161399151101326	Facebook	IT	Italy	1	1	4999	1000	99	0
Massimiliano Panizzut Zut	Massimiliano Panizzut	2051353585112195	Facebook	IT	Italy	1	1	4999	1000	99	0
Più Europa Bologna	Zeno Gobetti	796239407253658	Facebook	IT	Italy	1	1	4999	1000	99	0
Open Bocconi PD	Roberto Biondini	280672612632082	Facebook	IT	Italy	1	1	4999	1000	99	0
Lubello Francesco	Francesco Lubello	520821171359784	Facebook	IT	Italy	1	1	4999	1000	99	0
Borroni Pierpaolo	Pierpaolo Borroni 	1474826522845148	Facebook	IT	Italy	1	1	4999	1000	99	0
Davide Ganapini	Davide Ganapini 	132753476889678	Facebook	IT	Italy	1	1	4999	1000	99	0
Francesco Valenti 6ª Circoscrizione Catania	Francesco Valenti	1686088174761067	Facebook	IT	Italy	1	1	4999	1000	99	0
Massimiliano Grimaldi		1126143620901834	Facebook	IT	Italy	1	1	4999	1000	88	0
Camisano Cambia	Giuseppe Maio	568531166547381	Facebook	IT	Italy	1	1	4999	1000	99	0
Refugees Welcome Italia	Serafina Consolato	1638510526420491	Facebook	IT	Italy	1	1	4998	1000	98	0
Risorgi Italia	Angelo Miraglia	886237838215195	Facebook	IT	Italy	1	1	4998	999	98	0
Francesco Forciniti	Francesco Forciniti	185431622208143	Facebook	IT	Italy	1	1	4998	999	98	0
Fabio Massimo Castaldo	Fabio Massimo Castaldo	492943270744959	Facebook	IT	Italy	1	1	4998	999	98	0
Alessandra Mussolini	Alessandra Mussolini	271019907137948	Facebook	IT	Italy	1	1	4998	999	99	0
Salvatore Ronghi		358842940986049	Facebook	IT	Italy	1	1	4998	999	98	0
Fasano Ascenza Loredana - detta Loredana Marangolo		333060274074197	Facebook	IT	Italy	1	1	4998	999	98	0
LILA - Lega Italiana per la Lotta contro l'Aids		126790500697643	Facebook	IT	Italy	1	1	4998	1000	98	0
Leonardo Marras		44353765035	Facebook	IT	Italy	1	1	4998	999	98	0
Flavio Tosi	Flavio Tosi	1587501794851407	Facebook	IT	Italy	1	1	4998	999	98	0
Partito Comunista - Termoli		117998398248074	Facebook	IT	Italy	1	1	4998	999	99	0
Marta Casiraghi		320875768607778	Facebook	IT	Italy	1	1	4998	999	99	0
PD Pianezza	Michele Marano	112241292157505	Facebook	IT	Italy	1	1	4998	999	98	0
Forza Nuova - Altavilla Silentina /Alburni		257108991770234	Facebook	IT	Italy	1	1	4998	999	98	0
Alex Bazzaro	Alex Bazzaro	163927824248716	Facebook	IT	Italy	1	1	4998	999	98	0
Stefano Barbieri- per il Consiglio Comunale		352421425368827	Facebook	IT	Italy	1	1	4998	999	98	0
Giovanni Russo	Giovanni Russo	1590626850978164	Facebook	IT	Italy	1	1	4998	999	98	0
Dress the Change	dressthechange	1724579174526888	Facebook	IT	Italy	1	1	4995	999	98	0
La Sinistra Ottavo		377006846230525	Facebook	IT	Italy	1	1	4995	999	98	0
Patrizia Riva		759506344445508	Facebook	IT	Italy	1	1	4995	999	98	0
I vote Europe		608176689275464	Facebook	IT	Italy	1	1	4784	2392	47	0
Discover Philadelphia		60364167807	Facebook	IT	Italy	1	1	4262	2131	37	0
Pistoia in Comune	Daniela Fedi	259840158164428	Facebook	IT	Italy	3	1	2996	0	296	0
CRIF		395919323779707	Facebook	IT	Italy	1	1	2291	1145	11	2
HEIST		225032047662461	Facebook	IT	Italy	2	1	2192	390	14	0
Maria Rosa Belotti Sindaco di Pero	Maria Rosa Belotti	265098356984023	Facebook	IT	Italy	2	1	1998	0	198	0
Progetto Pistoia	Daniela Fedi	385229641911503	Facebook	IT	Italy	2	1	1998	0	198	0
Articolo Uno Ravenna	Articolo Uno Ravenna	1858524514386544	Facebook	IT	Italy	2	1	1998	0	198	0
Francesco Campanella	Francesco Campanella	372597899493981	Facebook	IT	Italy	2	1	1998	0	198	0
Paolo Retinò candidato consigliere Bassano del Grappa	Paolo Retinò	351096442216643	Facebook	IT	Italy	2	1	1998	0	198	0
Agrate Con - Dino Bosisio	Agrate con	272701283677254	Facebook	IT	Italy	2	1	1998	0	198	0
Daniele Poggio in Regione	Emiliano Darone	620192311737047	Facebook	IT	Italy	2	1	1998	0	198	0
Francesco Tranossi Candidato Consigliere Comunale a Scorzè		1459626884274020	Facebook	IT	Italy	2	1	1998	0	198	0
Casa Hirta		131732907511460	Facebook	IT	Italy	2	1	1997	0	198	0
Europe Thinx		335839580440114	Facebook	IT	Italy	1	1	1930	386	3	0
Save The Seas		2203608429682203	Facebook	IT	Italy	1	1	1291	258	25	0
ETUC		129041250601685	Facebook	IT	Italy	1	1	1059	211	10	2
Padova Pride 2019	Mattia Galdiolo	952139971607809	Facebook	IT	Italy	1	1	999	0	99	0
up_to_42		1774969932648405	Facebook	IT	Italy	1	1	999	0	99	0
Igor Gabrovec		179730662208777	Facebook	IT	Italy	1	1	999	0	99	0
Coalizione Civica Schio		1908220566096849	Facebook	IT	Italy	1	1	999	0	99	0
Nutrilite by Amway Arzachena Costa Smeralda	Giannico Pittorru	2241781045882454	Facebook	IT	Italy	1	1	999	0	99	0
Carmine Campitelli	Carmine Campitelli	328360094459687	Facebook	IT	Italy	1	1	999	0	99	0
Carlo Brusa		427799904664605	Facebook	IT	Italy	1	1	999	0	99	0
Il "salvinismo" è un'isteria curabile		227851151456578	Facebook	IT	Italy	1	1	999	0	88	0
Federico Valceschini	Federico Valceschini	395097484289044	Facebook	IT	Italy	1	1	999	0	99	0
Silvia De Lorenzis		399466734205787	Facebook	IT	Italy	1	1	999	0	99	0
Katia Albanese		141502386765960	Facebook	IT	Italy	1	1	999	0	99	0
YearOut	Federica Brambilla	106312636064345	Facebook	IT	Italy	1	1	999	0	99	0
Alfonso Senatore		393958354663791	Facebook	IT	Italy	1	1	999	0	99	0
Simona Sapignoli		2287396361579661	Facebook	IT	Italy	1	1	999	0	99	0
Paolo Loizzo Sindaco		529770324218900	Facebook	IT	Italy	1	1	999	0	99	0
Movimento Scaligero - Città Stato d'Europa	Nardi Andrea 	141913629232126	Facebook	IT	Italy	1	1	999	0	99	0
Insieme per Bastiglia - Silvestri Sindaco		1428903490695810	Facebook	IT	Italy	1	1	999	0	99	0
Più Europa Bergamo		735367466658625	Facebook	IT	Italy	1	1	999	0	99	0
Italo Voza Sindaco	Italo Voza	572718549606135	Facebook	IT	Italy	1	1	999	0	99	0
CasaPound Italia Sicilia		174497865897770	Facebook	IT	Italy	1	1	999	0	99	0
Circolo PD Vergato		1558661721072010	Facebook	IT	Italy	1	1	999	0	99	0
Giorgio Valente Consigliere Comunale		2080765575553950	Facebook	IT	Italy	1	1	999	0	99	0
Igor Gelarda		911961728894076	Facebook	IT	Italy	1	1	999	0	99	0
Poesia colore vita		1378555169115411	Facebook	IT	Italy	1	1	999	0	99	0
Salvatore Ladaga		414623595782456	Facebook	IT	Italy	1	1	999	0	99	0
Serena Jaff candidata al Consiglio Comunale di Firenze		1455633574672869	Facebook	IT	Italy	1	1	999	0	99	0
Giorgia Andreuzza		395302610880245	Facebook	IT	Italy	1	1	999	0	99	0
Labint Olbia		1379896905444415	Facebook	IT	Italy	1	1	999	0	99	0
GenerAzione Ponte		2234818240131971	Facebook	IT	Italy	1	1	999	0	99	0
Davide Perrini - Castelletto è Tua		2276687609215791	Facebook	IT	Italy	1	1	999	0	99	0
Partito Democratico del Lazio		809541855778354	Facebook	IT	Italy	1	1	999	0	99	0
Erika Seta Sindaco 2019	Mirko Pedica	326337917508193	Facebook	IT	Italy	1	1	999	0	99	0
Movimento Cristiano Popolare		424480361440267	Facebook	IT	Italy	1	1	999	0	99	0
Gemeinsam für Terlan, Vilpian & Siebeneich		365258797007976	Facebook	IT	Italy	1	1	999	0	99	0
San Valentino Torio in Movimento		155391888460186	Facebook	IT	Italy	1	1	999	0	99	0
Ettore Bucci	Ettore Bucci	227291858039379	Facebook	IT	Italy	1	1	999	0	99	0
Progetto Leini e Lista per Leini		408705213304752	Facebook	IT	Italy	1	1	999	0	99	0
marianoduepuntozero		230686126945990	Facebook	IT	Italy	1	1	999	0	99	0
Partito Democratico Bagno A Ripoli		268138826715429	Facebook	IT	Italy	1	1	999	0	88	0
RitmoLento		1197605863586683	Facebook	IT	Italy	1	1	999	0	88	0
Mimmo Talarico		812143505475758	Facebook	IT	Italy	1	1	999	0	99	0
Avanti San Giorgio		1516637955137178	Facebook	IT	Italy	1	1	999	0	99	0
Fridays For Future - Rovigo		576642682819155	Facebook	IT	Italy	1	1	999	0	99	0
Forza Italia Cecina		207881243771	Facebook	IT	Italy	1	1	999	0	99	0
Carmen Pizzirusso		797497013720348	Facebook	IT	Italy	1	1	999	0	99	0
Lega con Salvini - RIANO		790768587938719	Facebook	IT	Italy	1	1	999	0	99	0
Maria Leone attivista politico		283597518829195	Facebook	IT	Italy	1	1	999	0	98	0
Samuele Siano		284538688712114	Facebook	IT	Italy	1	1	999	0	99	0
Lega Giovani X Municipio		1967992106558586	Facebook	IT	Italy	1	1	999	0	99	0
Menichetti e Chelli. candidati al consiglio comunale di Pontedera.		2245613075704962	Facebook	IT	Italy	1	1	999	0	99	0
Exarco		1441322929448592	Facebook	IT	Italy	1	1	999	0	99	0
Open FVG	Greta Reverdito	363847417393088	Facebook	IT	Italy	1	1	999	0	98	0
Giorgia Manghi - Fratelli d’Italia - Reggio E.		236039050456052	Facebook	IT	Italy	1	1	999	0	99	0
Varese Pride	Arcigay Varese	523268051186707	Facebook	IT	Italy	1	1	999	0	99	0
Bra, la mia città		589604378175741	Facebook	IT	Italy	1	1	999	0	99	0
Elena Lizzi		2345475355729251	Facebook	IT	Italy	1	1	998	0	98	0
CSVnet		904724502974742	Facebook	IT	Italy	1	1	998	0	98	0
Andrea Telchime	Andrea Telchime	794539650559164	Facebook	IT	Italy	1	1	998	0	98	0
Volt Modena	Alessandro Lima	398218900938828	Facebook	IT	Italy	1	1	998	0	99	0
Serena Spinelli		1475431256096693	Facebook	IT	Italy	1	1	998	0	98	0
Fratelli D'Italia Cerveteri "LiberaMente"		525934134449347	Facebook	IT	Italy	1	1	998	0	98	0
Roberto Monti		1652341844978256	Facebook	IT	Italy	1	1	998	0	99	0
Igor Iezzi - Lega Salvini Premier	Igor Giancarlo Iezzi	371129666769551	Facebook	IT	Italy	1	1	998	0	99	0
Bosch Global		185652704861747	Facebook	IT	Italy	1	1	998	0	98	0
Psicopolitica		264883480745032	Facebook	IT	Italy	1	1	998	0	88	0
Ambiente Mare Italia		1978323772189377	Facebook	IT	Italy	1	1	998	0	98	0
Europa Anno Zero		308939363141901	Facebook	IT	Italy	1	1	993	0	98	0
Baby Artisan		401855653739009	Facebook	IT	Italy	1	1	990	0	98	0
نداء الحرب 3: امبراطورية الفولاذ		1896641773933197	Facebook	IT	Italy	2	1	792	316	1	0
Plictisescu.ro		184028071751540	Facebook	IT	Italy	1	1	614	307	1	0
MJZ		529557893749660	Facebook	IT	Italy	1	1	570	0	13	0
Franc Bogovič	Slovenska ljudska stranka (SLS)	288826994603012	Facebook	IT	Italy	4	1	448	90	0	0
Talking Trees: Adult Survivors of CSA		157082910999500	Facebook	IT	Italy	1	1	302	0	26	0
Mahindra Rise		158304157570734	Facebook	IT	Italy	1	1	247	123	0	0
Eurozine		115579498521257	Facebook	IT	Italy	1	1	215	43	4	0
Marinela V. Ardelean		346137638884956	Facebook	IT	Italy	1	1	178	35	0	0
ITUC		20556338116	Facebook	IT	Italy	2	1	175	0	17	0
No more bricks in the Wall		1854947667901523	Facebook	IT	Italy	1	1	139	0	13	0
Davide Artiko		789495278077545	Facebook	IT	Italy	1	1	82	0	8	0
Justice for Daphne Caruana Galizia		245601565462724	Facebook	IT	Italy	2	1	63	0	6	0
Matjaž Nemec	Socialni demokrati (SD)	642148249206716	Facebook	IT	Italy	2	1	40	14	0	0
MN Benito		1273446302821491	Facebook	IT	Italy	1	1	22	0	1	0
Časopis Slovenec	Slovenska ljudska stranka (SLS)	240130223029252	Facebook	IT	Italy	1	1	17	8	0	0
JUNOS Studierende	JUNOS Studierende	231166380411824	Facebook	IT	Italy	5	1	13	3	0	0
Die neue SPÖ Tirol	SPÖ Tirol	172040642860223	Facebook	IT	Italy	2	1	12	6	0	0
Free Quran Education		388655174641163	Facebook	IT	Italy	1	1	9	1	0	0
The Years Project	The Years Project	168876449866088	Facebook	IT	Italy	1	1	9	0	0	0
VoteEuropa - France	Jules Nicolas André Bejot 	2031732090462417	Facebook	IT	Italy	3	1	7	1	0	0
Tom MacDonald		212732770186	Facebook	IT	Italy	1	1	5	1	0	0
GRAS - Grüne & Alternative Student_innen	GRAS - Grüne & Alternative Student_innen	79935247286	Facebook	IT	Italy	3	1	4	1	0	0
Tokyo Weekender		134654693230171	Facebook	IT	Italy	1	1	4	0	0	0
EiendomsMegler 1 Hamar		1629418810634981	Facebook	IT	Italy	1	1	3	0	0	0
USR Dolj	Uniunea Salvați România	109556372802910	Facebook	IT	Italy	1	1	3	1	0	0
Socialni demokrati (SD)	Socialni demokrati (SD)	12676777580	Facebook	IT	Italy	1	1	2	0	0	0
Hindu Human Rights		69641119075	Facebook	IT	Italy	1	1	2	0	0	0
Ljubica Jelušič	Socialni demokrati (SD)	400257777082904	Facebook	IT	Italy	1	1	2	0	0	0
USR Diaspora	Uniunea Salvați România - USR	1793510380925494	Facebook	IT	Italy	1	1	1	0	0	0
dom-i-NEEK		260052198180831	Facebook	IT	Italy	1	1	1	0	0	0
