advertiser_name	advertiser_disclosure	platform_advertiser_id	platform_name	recent_code_filter	recent_label_filter	country_code_filter	country_name_filter	ad_count	advertiser_count	high_impressions	low_impressions	high_spend	low_spend
sp.a	sp.a	57253967150	Facebook	rw4	Last 4 weeks	BE	Belgium	392	1	35457474	14068568	163198	35358
N-VA	Nieuw-Vlaamse Alliantie	334361224413	Facebook	rw4	Last 4 weeks	BE	Belgium	113	1	27450648	11378090	81179	21310
Vlaams Belang	Vlaams Belang	56605856504	Facebook	rw4	Last 4 weeks	BE	Belgium	53	1	19794840	9071279	131281	29786
Tom Van Grieken	Vlaams Belang	584806884924010	Facebook	rw4	Last 4 weeks	BE	Belgium	78	1	19362882	8291983	174721	39899
CDH - Centre Démocrate Humaniste	CDH - Centre Démocrate Humaniste	189649407806135	Facebook	rw4	Last 4 weeks	BE	Belgium	109	1	10314556	4916832	42157	8399
Open Vld	Open Vld	53668151866	Facebook	rw4	Last 4 weeks	BE	Belgium	344	1	10250008	3719823	80551	13699
European Parliament		178362315106	Facebook	rw4	Last 4 weeks	BE	Belgium	73	1	8396112	3676638	69001	13768
Groen	Groen	84920854319	Facebook	rw4	Last 4 weeks	BE	Belgium	175	1	7395335	2581410	35558	5194
Facebook Brussels	Facebook	287739491272583	Facebook	rw4	Last 4 weeks	BE	Belgium	16	1	6549984	2830000	63484	16300
John Crombez	sp.a	264131406977201	Facebook	rw4	Last 4 weeks	BE	Belgium	74	1	6126429	2533499	34304	6874
Peter Mertens	PVDA	236485149843971	Facebook	rw4	Last 4 weeks	BE	Belgium	548	1	5932688	1740852	74802	7321
VB - nos gens d'abord	Vlaams Belang	816130908786112	Facebook	rw4	Last 4 weeks	BE	Belgium	131	1	4951784	1765978	57166	12899
Vlaams Belang Brussel	Vlaams Belang	499682940133305	Facebook	rw4	Last 4 weeks	BE	Belgium	44	1	4735257	2025808	97845	22343
IKEA	IKEA	112961202185776	Facebook	rw4	Last 4 weeks	BE	Belgium	75	1	4289910	1590993	17224	2999
Wacky Politicians	Ladbrokes Belgium	325449998160769	Facebook	rw4	Last 4 weeks	BE	Belgium	87	1	4143189	1600323	10806	587
DéFI	DéFI	173518112695794	Facebook	rw4	Last 4 weeks	BE	Belgium	146	1	3280717	731960	21652	1799
Parti Socialiste (PS)	Parti Socialiste (PS)	518402351504731	Facebook	rw4	Last 4 weeks	BE	Belgium	83	1	2716856	827838	22088	4167
CD&V	CD&V	52997544531	Facebook	rw4	Last 4 weeks	BE	Belgium	95	1	2403756	751321	17634	2401
Party of European Socialists	Party of European Socialists	148097975226385	Facebook	rw4	Last 4 weeks	BE	Belgium	55	1	1894129	601848	6158	315
Tout sur le nucléaire / Alles over kernenergie		585236024850280	Facebook	rw4	Last 4 weeks	BE	Belgium	13	1	1848307	761049	8956	2236
Parti Populaire - Le Peuple	Parti Populaire - Le Peuple	482811111771571	Facebook	rw4	Last 4 weeks	BE	Belgium	10	1	1664120	727111	8561	2935
Maurits Vande Reyde	Vande Reyde Maurits Jozef	1797427180478228	Facebook	rw4	Last 4 weeks	BE	Belgium	83	1	1525916	436999	10617	599
Sign for my Future		1345513882259768	Facebook	rw4	Last 4 weeks	BE	Belgium	32	1	1476968	526000	12868	2199
Jan Jambon	Nieuw-Vlaamse Alliantie	60317812912	Facebook	rw4	Last 4 weeks	BE	Belgium	5	1	1449994	610000	12094	3000
MR - Mouvement Réformateur	MR - Mouvement Réformateur	236330169511	Facebook	rw4	Last 4 weeks	BE	Belgium	44	1	1391641	398988	11082	1697
European Greens	European Greens	141366725876424	Facebook	rw4	Last 4 weeks	BE	Belgium	16	1	1339954	600073	7267	2225
Mutualité chrétienne (MC)	Mutualité chrétienne (MC)	180233078762668	Facebook	rw4	Last 4 weeks	BE	Belgium	61	1	1294355	340728	8783	1019
Kathleen Van Brempt	Kathleen Van Brempt	206193139504506	Facebook	rw4	Last 4 weeks	BE	Belgium	112	1	1246078	281381	12064	500
Brecht Warnez	Warnez Brecht Luc T	998887823550443	Facebook	rw4	Last 4 weeks	BE	Belgium	142	1	1221858	337000	14458	100
sp.a West-Vlaanderen	sp.a West-Vlaanderen	269157793205215	Facebook	rw4	Last 4 weeks	BE	Belgium	19	1	1029517	433907	4380	900
European Youth Forum		80161254850	Facebook	rw4	Last 4 weeks	BE	Belgium	1	1	997617	498809	4987	997
CD&V Limburg	CD&V Limburg	495564387205601	Facebook	rw4	Last 4 weeks	BE	Belgium	22	1	974850	227974	7776	1399
UNICEF Belgium	UNICEF Belgium	60589646095	Facebook	rw4	Last 4 weeks	BE	Belgium	17	1	929982	368999	5682	999
Joris Vandenbroucke	Vandenbroucke Joris Jeroen J	984867054996076	Facebook	rw4	Last 4 weeks	BE	Belgium	13	1	844938	360981	3686	600
Conner Rousseau	Conner Rousseau	942750852588816	Facebook	rw4	Last 4 weeks	BE	Belgium	24	1	788931	162990	7275	1499
Marc Lejeune - 3ème au CDH à la Région	Marc Jean-Marie P Lejeune	1115141181990895	Facebook	rw4	Last 4 weeks	BE	Belgium	158	1	687605	129950	16039	99
Jos D'Haese	PVDA	1397002987227704	Facebook	rw4	Last 4 weeks	BE	Belgium	74	1	617291	118877	10116	699
Kialo		729627343834501	Facebook	rw4	Last 4 weeks	BE	Belgium	197	1	589290	214862	2885	615
Kim De Witte	PVDA	315662412174661	Facebook	rw4	Last 4 weeks	BE	Belgium	12	1	554308	140562	5172	997
Manu Diericx	Diericx Manu Romain C	311729416012864	Facebook	rw4	Last 4 weeks	BE	Belgium	14	1	527975	195597	2120	199
Kris Peeters	Kris Peeters	192181027566488	Facebook	rw4	Last 4 weeks	BE	Belgium	14	1	520986	133999	2986	400
Bart De Wever		24079407056	Facebook	rw4	Last 4 weeks	BE	Belgium	1	1	499999	200000	4999	1000
UNHCR Belgium		948453825344452	Facebook	rw4	Last 4 weeks	BE	Belgium	1	1	499998	200000	4998	1000
one brussels	one.brussels	244157445635331	Facebook	rw4	Last 4 weeks	BE	Belgium	17	1	465983	107999	2883	300
Zuhal Demir	Nieuw-Vlaamse Alliantie	453932394796444	Facebook	rw4	Last 4 weeks	BE	Belgium	10	1	459989	121999	1389	99
Christian Leysen	Christian Leysen	403864600161608	Facebook	rw4	Last 4 weeks	BE	Belgium	10	1	425733	150895	8680	1698
Salsa Rica Dance Company		727875134045965	Facebook	rw4	Last 4 weeks	BE	Belgium	2	1	422810	161436	767	153
Sander Loones	Nieuw-Vlaamse Alliantie	575160279283539	Facebook	rw4	Last 4 weeks	BE	Belgium	10	1	404171	80636	2153	299
Greenpeace Belgium		73232790238	Facebook	rw4	Last 4 weeks	BE	Belgium	42	1	385957	104999	5758	400
WWF-Belgium	WWF-Belgium	110844205773	Facebook	rw4	Last 4 weeks	BE	Belgium	16	1	364983	162999	2383	199
Koen Geens	CD&V	294055357407926	Facebook	rw4	Last 4 weeks	BE	Belgium	36	1	360964	102000	3964	99
PTB	PTB	53838654385	Facebook	rw4	Last 4 weeks	BE	Belgium	4	1	350996	160000	1196	199
sp.a Limburg	sp.a Limburg	885074558184212	Facebook	rw4	Last 4 weeks	BE	Belgium	22	1	335978	97000	2578	99
Sabine de Bethune		254157758598438	Facebook	rw4	Last 4 weeks	BE	Belgium	6	1	320993	129999	1393	199
Jan Cornillie		980619838787000	Facebook	rw4	Last 4 weeks	BE	Belgium	7	1	317028	127531	1286	200
Hendrik Bogaert	Bogaert Hendrik Frank	277636928983663	Facebook	rw4	Last 4 weeks	BE	Belgium	52	1	307910	64996	5945	200
Elias Kartout	Nieuw-Vlaamse Alliantie	2593268540690171	Facebook	rw4	Last 4 weeks	BE	Belgium	4	1	300995	119999	1596	300
Vincent De Wolf	Vincent Gilles De Wolf	399983396831282	Facebook	rw4	Last 4 weeks	BE	Belgium	15	1	300984	62999	1885	99
Bert Maertens	N-VA	230657213955622	Facebook	rw4	Last 4 weeks	BE	Belgium	13	1	300169	98636	1651	100
JONG CD&V	JONG CD&V	638247042856542	Facebook	rw4	Last 4 weeks	BE	Belgium	6	1	299994	60000	594	0
Geert Bourgeois	Nieuw-Vlaamse Alliantie	649429725077632	Facebook	rw4	Last 4 weeks	BE	Belgium	6	1	291394	117999	1684	570
Anja Vanrobaeys	Vanrobaeys Anja Maurits	795798820785493	Facebook	rw4	Last 4 weeks	BE	Belgium	31	1	281777	69959	4166	299
Marie Arena		109149719130331	Facebook	rw4	Last 4 weeks	BE	Belgium	13	1	274256	70145	1035	0
EPP - European People's Party	EPP - European People's Party	48034275355	Facebook	rw4	Last 4 weeks	BE	Belgium	21	1	270840	78119	2683	358
Linda Lauwers -  18de plaats Kamer N-VA	Meeus Yannick	700417286687969	Facebook	rw4	Last 4 weeks	BE	Belgium	38	1	266971	99811	3717	0
Thuisverpleging		372390586890911	Facebook	rw4	Last 4 weeks	BE	Belgium	9	1	266564	106210	638	30
ALDE Party – Liberals and Democrats for Europe		262681199589	Facebook	rw4	Last 4 weeks	BE	Belgium	12	1	265230	62085	1741	200
Hugues Bayet	Julien Fanuel 	538840262914740	Facebook	rw4	Last 4 weeks	BE	Belgium	7	1	264992	56000	693	0
Olivier Chastel	MR - Mouvement Réformateur	36858143935	Facebook	rw4	Last 4 weeks	BE	Belgium	5	1	259640	84881	1692	299
Maggie De Block	Maggie De Block	1410219772556421	Facebook	rw4	Last 4 weeks	BE	Belgium	18	1	258981	80999	2181	99
N-VA Brugge	Nieuw-Vlaamse Alliantie	103746756361685	Facebook	rw4	Last 4 weeks	BE	Belgium	5	1	254995	81000	1295	200
USR Diaspora	USR Diaspora	1793510380925494	Facebook	rw4	Last 4 weeks	BE	Belgium	2	1	249998	110000	1155	231
Klang der Solidarität		385076005313967	Facebook	rw4	Last 4 weeks	BE	Belgium	33	1	246439	84255	440	9
CSP Ostbelgien	CSP Ostbelgien	119271231424655	Facebook	rw4	Last 4 weeks	BE	Belgium	32	1	242468	57250	3093	0
Kristof Calvo	Kristof Calvo	345099982367937	Facebook	rw4	Last 4 weeks	BE	Belgium	7	1	229993	55000	693	0
Meyrem Almaci	Meyrem Almaci	1943402032590802	Facebook	rw4	Last 4 weeks	BE	Belgium	10	1	226606	67307	1037	40
Theo Francken		483497581789280	Facebook	rw4	Last 4 weeks	BE	Belgium	3	1	219996	103999	1197	239
Jesuit Refugee Service Europe - JRS	JRS Europe	1568112950115984	Facebook	rw4	Last 4 weeks	BE	Belgium	7	1	219992	46999	1493	199
Lode Ceyssens	Lode Ceyssens	690224427744073	Facebook	rw4	Last 4 weeks	BE	Belgium	6	1	211644	74852	992	99
Steven Kindt	Kindt Steven Karel A	934178266778547	Facebook	rw4	Last 4 weeks	BE	Belgium	4	1	209877	74971	795	100
Elio Di Rupo	Parti Socialiste (PS)	16301530829	Facebook	rw4	Last 4 weeks	BE	Belgium	5	1	209198	44826	493	0
SP Ostbelgien	SP Ostbelgien	183856108612877	Facebook	rw4	Last 4 weeks	BE	Belgium	5	1	208244	44609	887	99
Cieltje Van Achter-pagina	Nieuw-Vlaamse Alliantie	187309815219219	Facebook	rw4	Last 4 weeks	BE	Belgium	4	1	204995	71000	1195	199
European Committee of the Regions	European Committee of the Regions	527351247377965	Facebook	rw4	Last 4 weeks	BE	Belgium	2	1	199998	99999	998	199
Axel Ronse	N-VA	2375576969141695	Facebook	rw4	Last 4 weeks	BE	Belgium	3	1	199993	69999	696	100
L'affaire climat	Affaire Climat asbl	874181082603060	Facebook	rw4	Last 4 weeks	BE	Belgium	14	1	199981	63999	1385	0
Europahuis Ryckevelde	Ryckevelde vzw	119449038070827	Facebook	rw4	Last 4 weeks	BE	Belgium	4	1	199814	39963	395	0
Kristof Hendrickx		125105154858140	Facebook	rw4	Last 4 weeks	BE	Belgium	1	1	199751	99876	997	499
ProDG	ProDG	89846075866	Facebook	rw4	Last 4 weeks	BE	Belgium	36	1	197993	70550	3553	0
Wouter Beke	Wouter Beke	311935738907850	Facebook	rw4	Last 4 weeks	BE	Belgium	13	1	184987	54999	1286	0
Ecolo	Ecolo	38296327361	Facebook	rw4	Last 4 weeks	BE	Belgium	20	1	183980	41999	1979	0
Koen Van den Heuvel	Koen Van den Heuvel	1953990651532264	Facebook	rw4	Last 4 weeks	BE	Belgium	28	1	181971	49999	2772	0
Vivant   Ostbelgien	Vivant Ostbelgien	1440393739538888	Facebook	rw4	Last 4 weeks	BE	Belgium	12	1	172672	36341	1577	99
CD&V Brussel	CD&V Brussel	650865328369779	Facebook	rw4	Last 4 weeks	BE	Belgium	27	1	170972	42000	2673	0
Gérald vanderlin	Gerald Vanderlin	2225854367682548	Facebook	rw4	Last 4 weeks	BE	Belgium	7	1	161898	31981	1092	99
Ralph Packet		2009966045768110	Facebook	rw4	Last 4 weeks	BE	Belgium	9	1	161491	49249	856	0
Sander Vandecapelle	Vandecapelle Sander 	288654088488077	Facebook	rw4	Last 4 weeks	BE	Belgium	10	1	159985	43997	1789	199
Lanjri Nahima	Lanjri Nahima	160499887883548	Facebook	rw4	Last 4 weeks	BE	Belgium	42	1	157958	39999	4158	0
Peter Van Rompuy	CD&V	257794051588457	Facebook	rw4	Last 4 weeks	BE	Belgium	18	1	156981	76000	1781	0
Listes Destexhe	Listes Destexhe	983524558703058	Facebook	rw4	Last 4 weeks	BE	Belgium	4	1	155774	60889	1194	199
Steven Vandeput	Nieuw-Vlaamse Alliantie	983442595060481	Facebook	rw4	Last 4 weeks	BE	Belgium	4	1	154996	31000	1196	199
N-VA Limburg	Nieuw-Vlaamse Alliantie	1599226510296139	Facebook	rw4	Last 4 weeks	BE	Belgium	4	1	154996	31000	1196	200
Danielle Godderis T'Jonck	N-VA	239999043457805	Facebook	rw4	Last 4 weeks	BE	Belgium	4	1	150996	30000	395	0
Wouter Vermeersch	Vlaams Belang	1819099895078637	Facebook	rw4	Last 4 weeks	BE	Belgium	10	1	150768	38950	988	0
Kristien Van Vaerenbergh-pagina	Nieuw-Vlaamse Alliantie	404666830363654	Facebook	rw4	Last 4 weeks	BE	Belgium	3	1	149997	29999	696	99
Brecht Vermeulen	Nieuw-Vlaamse Alliantie	167165610745178	Facebook	rw4	Last 4 weeks	BE	Belgium	3	1	149997	29999	297	0
Karl Vanlouwe	Nieuw-Vlaamse Alliantie	442565332850618	Facebook	rw4	Last 4 weeks	BE	Belgium	2	1	149994	59998	597	99
Sven Gatz	Gatz Sven Peter A	100947845480	Facebook	rw4	Last 4 weeks	BE	Belgium	26	1	146971	45499	2524	0
Simon Lejeune	Lejuene Simon Paul F	1721305591241017	Facebook	rw4	Last 4 weeks	BE	Belgium	11	1	142989	34000	1088	0
Karin Brouwers	Karin Francisca Brouwers	862762280563277	Facebook	rw4	Last 4 weeks	BE	Belgium	7	1	139993	37000	1493	200
Sofian El Sayd - 61e sur la liste régionale du PS bruxellois		1951525111537961	Facebook	rw4	Last 4 weeks	BE	Belgium	3	1	138026	54014	421	66
Bert Wollants	Wollants Bert	122123487813722	Facebook	rw4	Last 4 weeks	BE	Belgium	7	1	134992	33000	692	0
Assita Kanko	Nieuw-Vlaamse Alliantie	150977208365420	Facebook	rw4	Last 4 weeks	BE	Belgium	3	1	122724	24545	824	145
Andries Gryffroy	N-VA	277891335706685	Facebook	rw4	Last 4 weeks	BE	Belgium	5	1	120981	29996	494	0
Kim Alloo	Alloo Kim	2165082146846340	Facebook	rw4	Last 4 weeks	BE	Belgium	22	1	119954	28888	2124	100
Peter Van Kemseke	Van Kemseke Peter Leo S	397455370285369	Facebook	rw4	Last 4 weeks	BE	Belgium	10	1	117991	24000	831	0
Maxime Hardy	Maxime Marc C Hardy	1160832417389494	Facebook	rw4	Last 4 weeks	BE	Belgium	5	1	115995	26000	895	100
Ilse Van Eetvelde politiek	Ilse Van Eetvelde politiek	620289881717694	Facebook	rw4	Last 4 weeks	BE	Belgium	12	1	115942	31988	1187	0
Ben Weyts	Nieuw-Vlaamse Alliantie	133467219125	Facebook	rw4	Last 4 weeks	BE	Belgium	4	1	114995	25999	1196	200
Philippe Muyters	Nieuw-Vlaamse Alliantie	197625717055207	Facebook	rw4	Last 4 weeks	BE	Belgium	4	1	111662	28333	712	83
Gijs Degrande	N-VA	2343399459056104	Facebook	rw4	Last 4 weeks	BE	Belgium	3	1	109997	25000	297	0
Bond Beter Leefmilieu		143447890251	Facebook	rw4	Last 4 weeks	BE	Belgium	4	1	109997	22000	217	0
Aymeric DE LAMOTTE		841559215859811	Facebook	rw4	Last 4 weeks	BE	Belgium	3	1	109997	25000	697	100
Mouvement Nation	Mouvement NATION	1602667783297798	Facebook	rw4	Last 4 weeks	BE	Belgium	3	1	109996	24999	296	0
Katrien Houtmeyers	Nieuw-Vlaamse Alliantie	176955806294532	Facebook	rw4	Last 4 weeks	BE	Belgium	2	1	109995	54998	597	99
Jurgen Vanlerberghe	Vanlerberghe Jurgen Maurits P	1664229433634791	Facebook	rw4	Last 4 weeks	BE	Belgium	4	1	109750	21950	794	99
Lieselotte Thys	Thys Lieselotte	1060715860647129	Facebook	rw4	Last 4 weeks	BE	Belgium	4	1	105996	21000	796	100
Be.One	Abou Jahjah Dyab	203646696858225	Facebook	rw4	Last 4 weeks	BE	Belgium	21	1	105979	24000	2079	0
Alexandra D'Archambeau	D'Archambeau Alexandra Sylvie O	213637018831903	Facebook	rw4	Last 4 weeks	BE	Belgium	15	1	105312	29665	1418	0
Mathias Vanden Borre	Nieuw-Vlaamse Alliantie	2192130777730978	Facebook	rw4	Last 4 weeks	BE	Belgium	2	1	104998	50999	198	0
An Capoen	Nieuw-Vlaamse Alliantie	128105340557056	Facebook	rw4	Last 4 weeks	BE	Belgium	3	1	104996	21000	697	100
Anneleen Van Bossuyt		1375436739430055	Facebook	rw4	Last 4 weeks	BE	Belgium	3	1	104828	20966	607	99
Darya Safai		1803761789672954	Facebook	rw4	Last 4 weeks	BE	Belgium	2	1	100997	50000	598	100
Le racisme, vous valez mieux que ça		1858720887787052	Facebook	rw4	Last 4 weeks	BE	Belgium	2	1	100907	50454	325	45
Thierry Gilson	Thierry Gilson	445076859592979	Facebook	rw4	Last 4 weeks	BE	Belgium	1	1	99999	49999	498	99
Gwendolyn Rutten	Gwendolyn Rutten	149158155084	Facebook	rw4	Last 4 weeks	BE	Belgium	1	1	99999	49999	499	100
N-VA Kontich-Waarloos	N-VA Kontich-Waarloos	238162356301946	Facebook	rw4	Last 4 weeks	BE	Belgium	1	1	99999	50000	498	100
Willy Segers	Nieuw-Vlaamse Alliantie	172565137927	Facebook	rw4	Last 4 weeks	BE	Belgium	1	1	99999	50000	499	100
Tilt		169065407139584	Facebook	rw4	Last 4 weeks	BE	Belgium	1	1	99999	50000	999	500
sp.a Vlaams-Brabant	sp.a	299844037256	Facebook	rw4	Last 4 weeks	BE	Belgium	2	1	99998	20000	197	0
Alliance of Conservatives and Reformists in Europe	ACRE 	134931073377586	Facebook	rw4	Last 4 weeks	BE	Belgium	2	1	99998	20000	198	0
Lara Thommès - 20e sur liste PS à la Région bruxelloise	Lara Julie M.Thommes	2176100615739401	Facebook	rw4	Last 4 weeks	BE	Belgium	2	1	99998	20000	598	100
European Public Health Alliance		163892267038764	Facebook	rw4	Last 4 weeks	BE	Belgium	2	1	99998	19999	598	99
Brussels		114885670293	Facebook	rw4	Last 4 weeks	BE	Belgium	2	1	99997	20000	198	0
Sophie De Wit	Nieuw-Vlaamse Alliantie	165796101293	Facebook	rw4	Last 4 weeks	BE	Belgium	2	1	99997	19999	597	99
Veerle Baeyens		1402339926704301	Facebook	rw4	Last 4 weeks	BE	Belgium	2	1	99994	19999	197	0
Tomas Roggeman		583612691972550	Facebook	rw4	Last 4 weeks	BE	Belgium	2	1	99989	19998	997	199
Méline Rovillard	Rovillard Méline Christianne G	174537099930913	Facebook	rw4	Last 4 weeks	BE	Belgium	2	1	99932	19986	997	199
CDH liste à la Chambre province de Liège		268478507423505	Facebook	rw4	Last 4 weeks	BE	Belgium	1	1	99755	49878	497	99
PVDA Limburg	PVDA	828918810501252	Facebook	rw4	Last 4 weeks	BE	Belgium	2	1	99736	19947	995	199
David Bouillon		279916929543457	Facebook	rw4	Last 4 weeks	BE	Belgium	1	1	99615	49808	497	99
Vlaams Belang Jongeren		203903005659	Facebook	rw4	Last 4 weeks	BE	Belgium	1	1	99395	49698	495	99
Valerie Van Peel	Nieuw-Vlaamse Alliantie	1447842658809820	Facebook	rw4	Last 4 weeks	BE	Belgium	2	1	93476	18695	932	186
Européens Sans Frontières		668031516635463	Facebook	rw4	Last 4 weeks	BE	Belgium	7	1	90800	37952	174	48
VMware		6975960973	Facebook	rw4	Last 4 weeks	BE	Belgium	3	1	89915	44957	244	48
Chroniques Du Golfe		2196850910357980	Facebook	rw4	Last 4 weeks	BE	Belgium	17	1	89664	35303	157	0
CNCD-11.11.11		118510721519982	Facebook	rw4	Last 4 weeks	BE	Belgium	2	1	84978	16995	149	0
Franc Bogovic	Bogovic Franc Mathijs J	517272151683918	Facebook	rw4	Last 4 weeks	BE	Belgium	15	1	81985	24999	1485	0
Ecolo Ostbelgien	Ecolo Ostbelgien	321847415140	Facebook	rw4	Last 4 weeks	BE	Belgium	10	1	81085	18411	960	0
Groen West-Vlaanderen	Sabels Jordy	2498060896894670	Facebook	rw4	Last 4 weeks	BE	Belgium	6	1	79978	18992	993	99
Sarah Smeyers	N-VA	95712061024	Facebook	rw4	Last 4 weeks	BE	Belgium	4	1	74992	20998	395	0
Rita Gantois	N-VA	306815242860827	Facebook	rw4	Last 4 weeks	BE	Belgium	5	1	70995	17000	895	100
Bart Callaert	Callaert Bart Eduard M	2334802816594579	Facebook	rw4	Last 4 weeks	BE	Belgium	6	1	70993	13999	594	0
sp.a Gent	sp.a Gent	145214795544742	Facebook	rw4	Last 4 weeks	BE	Belgium	6	1	70993	13999	993	99
Socialists and Democrats Group in the European Parliament		127925800618165	Facebook	rw4	Last 4 weeks	BE	Belgium	36	1	70514	15373	808	102
N-VA Kortrijk	Nieuw-Vlaamse Alliantie	362996563734991	Facebook	rw4	Last 4 weeks	BE	Belgium	4	1	69995	17000	795	99
Bart Smans, 17e plaats N-VA Vlaams Parlement	N-VA	800585406798122	Facebook	rw4	Last 4 weeks	BE	Belgium	17	1	69983	16000	1682	0
Issam Benali	Benali Issam	92011327952	Facebook	rw4	Last 4 weeks	BE	Belgium	6	1	66994	13000	994	100
Optimiste pour Bruxelles	Matias Jordi Rasero-Ramirez	570826640096148	Facebook	rw4	Last 4 weeks	BE	Belgium	18	1	66981	14999	1781	0
Johan Vande Lanotte	Johan Vande Lanotte	326674124027240	Facebook	rw4	Last 4 weeks	BE	Belgium	9	1	65916	27967	890	0
ROXY ANTWERP		175724632506647	Facebook	rw4	Last 4 weeks	BE	Belgium	5	1	65708	18075	406	0
Régionale ECOLO Bruxelles	Régionale Ecolo Bruxelles	136555119816983	Facebook	rw4	Last 4 weeks	BE	Belgium	3	1	64997	16000	297	0
Piet De Bruyn	Nieuw-Vlaamse Alliantie	152343835431692	Facebook	rw4	Last 4 weeks	BE	Belgium	3	1	64997	16000	297	0
Wouter Raskin	Nieuw-Vlaams Alliantie 	524807561225921	Facebook	rw4	Last 4 weeks	BE	Belgium	3	1	64997	16000	297	0
Yoleen Van Camp	Nieuw-Vlaamse Alliantie	533686686730041	Facebook	rw4	Last 4 weeks	BE	Belgium	3	1	64997	15999	297	0
Nadia Sminate	Nieuw-Vlaamse Alliantie	223932588102815	Facebook	rw4	Last 4 weeks	BE	Belgium	3	1	60996	14999	697	99
Aaron Ooms		127953044627536	Facebook	rw4	Last 4 weeks	BE	Belgium	3	1	60174	14991	219	0
Guardian Weekly		64525551258	Facebook	rw4	Last 4 weeks	BE	Belgium	12	1	60071	24997	331	53
Mark Demesmaeker	Nieuw-Vlaamse Alliantie	397796871009992	Facebook	rw4	Last 4 weeks	BE	Belgium	2	1	59998	14999	198	0
Groen Brussel		144986545155	Facebook	rw4	Last 4 weeks	BE	Belgium	2	1	59998	14999	598	99
Alain Destexhe	Alain Robert O.Destexhe	222804197775919	Facebook	rw4	Last 4 weeks	BE	Belgium	2	1	59998	15000	598	100
Yngvild Ingels	Nieuw-Vlaamse Alliantie	585897671936036	Facebook	rw4	Last 4 weeks	BE	Belgium	2	1	59998	14999	198	0
Orry Van de Wauwer		100752223802681	Facebook	rw4	Last 4 weeks	BE	Belgium	3	1	59993	11999	696	100
Mark Demesmaeker MEP		1708090762537736	Facebook	rw4	Last 4 weeks	BE	Belgium	2	1	58569	14285	163	0
Georges Balon Perin, Erasmus kandidaat bij GROEN		820663108311661	Facebook	rw4	Last 4 weeks	BE	Belgium	9	1	57006	25038	678	0
Groen Antwerpen	Groen Antwerpen	189169954496226	Facebook	rw4	Last 4 weeks	BE	Belgium	4	1	56996	10999	795	99
Chivas Regal Belgium		116547375171556	Facebook	rw4	Last 4 weeks	BE	Belgium	4	1	56995	10999	395	0
Vlaams Belang Bilzen	Vlaams Belang	1796765513978532	Facebook	rw4	Last 4 weeks	BE	Belgium	3	1	55997	11000	297	0
Stéphanie Heng	Théry Alexandre J Bourgoignie	340587286371062	Facebook	rw4	Last 4 weeks	BE	Belgium	3	1	55997	11000	297	0
Leen Dierick	D'hauwer Pieter	279936192533387	Facebook	rw4	Last 4 weeks	BE	Belgium	2	1	54998	11000	198	0
Parti Populaire Charleroi		224028051371148	Facebook	rw4	Last 4 weeks	BE	Belgium	2	1	54964	10993	197	0
4UCAMPUS		259614948900	Facebook	rw4	Last 4 weeks	BE	Belgium	4	1	53926	10785	176	0
Òmnium International		2177632682563843	Facebook	rw4	Last 4 weeks	BE	Belgium	39	1	51874	19402	507	63
NewB		146272022205358	Facebook	rw4	Last 4 weeks	BE	Belgium	5	1	51663	15933	303	0
Vlaams Belang Kortrijk	Vlaams Belang	1657893191169110	Facebook	rw4	Last 4 weeks	BE	Belgium	16	1	51555	11714	1555	0
Listes Destexhe Hainaut Centre	Steeve Guille	316290852397341	Facebook	rw4	Last 4 weeks	BE	Belgium	2	1	50998	10000	197	0
Actief Linkse Studenten & Scholieren Gent	Actief Linkse Studenten & Scholieren Gent	167618996581904	Facebook	rw4	Last 4 weeks	BE	Belgium	2	1	50998	10000	198	0
Commission Européenne en Belgique / Europese Commissie in Belgie	Commission Européenne en Belgique / Europese Commissie in Belgie	295165170561769	Facebook	rw4	Last 4 weeks	BE	Belgium	2	1	50997	9999	198	0
sp.a Hemiksem - Waa zien H geire	Talboom Rodney	189913087722338	Facebook	rw4	Last 4 weeks	BE	Belgium	2	1	50997	10000	598	99
Matthias Diependaele	Nieuw-Vlaamse Alliantie	543319679114946	Facebook	rw4	Last 4 weeks	BE	Belgium	2	1	50991	9998	197	0
ETUC		129041250601685	Facebook	rw4	Last 4 weeks	BE	Belgium	2	1	50060	10032	499	100
Karine Lalieux		1520851034620904	Facebook	rw4	Last 4 weeks	BE	Belgium	1	1	49999	9999	99	0
Jan Spooren	Nieuw-Vlaamse Alliantie	222858057892237	Facebook	rw4	Last 4 weeks	BE	Belgium	1	1	49999	10000	99	0
Martin Maréchal - 6e Suppléant PS Bruxelles à la Chambre		372918879915830	Facebook	rw4	Last 4 weeks	BE	Belgium	1	1	49999	10000	99	0
Koen Daniëls	N-VA	711452742279820	Facebook	rw4	Last 4 weeks	BE	Belgium	1	1	49999	10000	499	100
Ecolo Beauvechain	Locale Ecolo de Beauvechain	489383807747688	Facebook	rw4	Last 4 weeks	BE	Belgium	1	1	49999	10000	499	100
Michel De Maegd	Michel De Maegd 	402910770265916	Facebook	rw4	Last 4 weeks	BE	Belgium	1	1	49999	10000	99	0
Wilfried Vandaele	N-VA	134830590539925	Facebook	rw4	Last 4 weeks	BE	Belgium	1	1	49999	10000	498	100
Sophie Wilmès		494853240530488	Facebook	rw4	Last 4 weeks	BE	Belgium	1	1	49999	10000	99	0
Frédérique Ries		121508211203759	Facebook	rw4	Last 4 weeks	BE	Belgium	1	1	49999	10000	99	0
Laura Van Eeckhout	Van Eeckhout Laura Karin	2007508699375704	Facebook	rw4	Last 4 weeks	BE	Belgium	1	1	49999	10000	99	0
Yannick de Wilde d'Estmael	Yannick de Wilde d'Estmael 	2194262913922415	Facebook	rw4	Last 4 weeks	BE	Belgium	1	1	49999	10000	99	0
Annabel Tavernier	Nieuw-Vlaamse Alliantie	329027807799398	Facebook	rw4	Last 4 weeks	BE	Belgium	1	1	49999	10000	499	100
Vlaams Belang Vlaams-Brabant	Raekelboom Luk Milles H	481216585230510	Facebook	rw4	Last 4 weeks	BE	Belgium	1	1	49999	10000	499	100
Auslandsgruppe Europa der FDP		1698130847081167	Facebook	rw4	Last 4 weeks	BE	Belgium	1	1	49999	10000	99	0
Olivier Destrebecq		16300398301	Facebook	rw4	Last 4 weeks	BE	Belgium	1	1	49999	10000	499	100
N-VA Middelkerke	Goethaels Anthony Robert	845073135535759	Facebook	rw4	Last 4 weeks	BE	Belgium	1	1	49999	10000	499	100
Fightfortheclimate	Antoine Valéry J.Baert	433019927455006	Facebook	rw4	Last 4 weeks	BE	Belgium	1	1	49999	10000	99	0
Bea Diallo		379230975548013	Facebook	rw4	Last 4 weeks	BE	Belgium	1	1	49999	10000	99	0
David Bouillon Conseiller Communal Indépendant		292854978277832	Facebook	rw4	Last 4 weeks	BE	Belgium	1	1	49999	10000	499	100
GoodPlanet Belgium		133865216689469	Facebook	rw4	Last 4 weeks	BE	Belgium	1	1	49999	10000	499	100
N-VA Ronse	Vandekerkhove David	166525380128528	Facebook	rw4	Last 4 weeks	BE	Belgium	1	1	49999	10000	99	0
N-VA Roeselare	Nieuw-Vlaamse Alliantie	168411579894593	Facebook	rw4	Last 4 weeks	BE	Belgium	1	1	49999	10000	99	0
Jong VLD	Jong VLD	274353765974285	Facebook	rw4	Last 4 weeks	BE	Belgium	1	1	49999	10000	99	0
La maison du bambou		363210450932797	Facebook	rw4	Last 4 weeks	BE	Belgium	1	1	49999	10000	499	100
Open Vld Schoten		400453376667970	Facebook	rw4	Last 4 weeks	BE	Belgium	1	1	49999	10000	499	100
TOWA - Transparency for Organic Wine Association		423471171178460	Facebook	rw4	Last 4 weeks	BE	Belgium	1	1	49999	10000	98	0
Charles Kaisin		1373021049422742	Facebook	rw4	Last 4 weeks	BE	Belgium	1	1	49999	10000	99	0
Student.be for Young Graduates		856265914446376	Facebook	rw4	Last 4 weeks	BE	Belgium	1	1	49999	10000	99	0
Etienne Dujardin		1981582235230721	Facebook	rw4	Last 4 weeks	BE	Belgium	1	1	49998	9999	98	0
Michael Freilich - 5de plaats Kamer		609777409464271	Facebook	rw4	Last 4 weeks	BE	Belgium	1	1	49998	9999	498	99
Rik Daems		135504466493706	Facebook	rw4	Last 4 weeks	BE	Belgium	1	1	49998	10000	99	0
Peter De Roover		1661453500556261	Facebook	rw4	Last 4 weeks	BE	Belgium	1	1	49998	10000	98	0
Liesbeth Homans	Nieuw-Vlaamse Alliantie	269377643529899	Facebook	rw4	Last 4 weeks	BE	Belgium	1	1	49998	10000	98	0
MR Koekelberg soutien à Lucas Ducarme et Philippe Pivin	Lucas Denis E Ducarme	1706672722902391	Facebook	rw4	Last 4 weeks	BE	Belgium	1	1	49998	10000	498	100
Maaike De Vreese	N-VA	231015551179409	Facebook	rw4	Last 4 weeks	BE	Belgium	1	1	49998	10000	99	0
Perrine Marchal	Perrine Nathalie G.Marchal	1816421541797483	Facebook	rw4	Last 4 weeks	BE	Belgium	1	1	49998	10000	98	0
Brigitte Grouwels		478482175573284	Facebook	rw4	Last 4 weeks	BE	Belgium	1	1	49998	9999	99	0
Touche Pas A Ma Pote		210583819073654	Facebook	rw4	Last 4 weeks	BE	Belgium	1	1	49998	10000	98	0
Bavo De Mol	De Mol Bavo Johannes X	231465544211675	Facebook	rw4	Last 4 weeks	BE	Belgium	7	1	49993	19000	693	0
Elke Sleurs	N-VA	571227032971640	Facebook	rw4	Last 4 weeks	BE	Belgium	1	1	49991	9998	498	99
N-VA Groot Aalst	Nieuw-Vlaamse Alliantie	274961409207861	Facebook	rw4	Last 4 weeks	BE	Belgium	1	1	49978	9995	98	0
Annick Lambrecht	Lambrecht Annick Jacques M	2229481170658339	Facebook	rw4	Last 4 weeks	BE	Belgium	8	1	49965	15991	791	0
DLV		228707560536007	Facebook	rw4	Last 4 weeks	BE	Belgium	1	1	49962	9992	98	0
Vlaams Belang West-Vlaanderen		759865230747904	Facebook	rw4	Last 4 weeks	BE	Belgium	1	1	49950	9990	498	99
Gelijke kansen - Egalité des chances		1757055917947545	Facebook	rw4	Last 4 weeks	BE	Belgium	21	1	49929	10863	771	0
Réseau pour la Justice Fiscale		247558685304862	Facebook	rw4	Last 4 weeks	BE	Belgium	1	1	49884	9977	98	0
Jean de Bethune		425691141175605	Facebook	rw4	Last 4 weeks	BE	Belgium	1	1	49883	9976	98	0
La vérité sur l’Arabie Saoudite		2209014842757280	Facebook	rw4	Last 4 weeks	BE	Belgium	8	1	48642	15219	239	0
Ecolo Mons-Borinage / Hauts-Pays	Bravin Geoffrey 	235500823177113	Facebook	rw4	Last 4 weeks	BE	Belgium	8	1	45981	14997	791	0
Student.be		198484016852536	Facebook	rw4	Last 4 weeks	BE	Belgium	1	1	42104	8421	83	0
Ine Tombeur	Tombeur Ine	120236914663605	Facebook	rw4	Last 4 weeks	BE	Belgium	9	1	40991	8000	891	0
Hans Maes		1181238155301995	Facebook	rw4	Last 4 weeks	BE	Belgium	5	1	39995	17000	495	0
Groen district Antwerpen	Groen district Antwerpen	498554120412	Facebook	rw4	Last 4 weeks	BE	Belgium	11	1	38989	7000	1088	0
Fight For €14 - NL		296330127745778	Facebook	rw4	Last 4 weeks	BE	Belgium	6	1	38495	7000	415	0
François Lamy - MR	François Jacques A. Lamy	1070950206436656	Facebook	rw4	Last 4 weeks	BE	Belgium	10	1	37990	7000	990	0
KissPlanet		581298388990286	Facebook	rw4	Last 4 weeks	BE	Belgium	1	1	37499	7499	74	0
Women in Tech.Brussels		335459306919067	Facebook	rw4	Last 4 weeks	BE	Belgium	3	1	37496	7499	74	0
Lucien Rigaux - 67e PS à la Région de Bruxelles-Capitale	Lucien Rigaux	697600227298160	Facebook	rw4	Last 4 weeks	BE	Belgium	8	1	36992	10000	781	0
Dyab Abou Jahjah	Abou Jahjah Dyab	650597568382274	Facebook	rw4	Last 4 weeks	BE	Belgium	11	1	36489	6500	1039	0
Vrouw & Maatschappij - CD&V politica	Vrouw & Maatschappij	268844173157989	Facebook	rw4	Last 4 weeks	BE	Belgium	7	1	35993	10000	693	0
Tom Bogman	Tom Bogman	329170017640552	Facebook	rw4	Last 4 weeks	BE	Belgium	9	1	35491	9500	841	0
VITO		185864998164157	Facebook	rw4	Last 4 weeks	BE	Belgium	2	1	35381	7076	125	0
N-VA Waas	Nieuw-Vlaamse Alliantie	1617858095113008	Facebook	rw4	Last 4 weeks	BE	Belgium	7	1	34992	7000	693	0
Sébastien Doutreloup	Sébastien Camille C.Doutreloup	2605782112772045	Facebook	rw4	Last 4 weeks	BE	Belgium	7	1	32969	11991	692	0
Centre d'Action Laïque		176170955780752	Facebook	rw4	Last 4 weeks	BE	Belgium	2	1	32784	6428	127	0
Jan Seynhaeve	Vandendriessche Vincent Olivier J	1753517451373120	Facebook	rw4	Last 4 weeks	BE	Belgium	8	1	31983	5998	791	0
Latifa Gahouchi		559667107408100	Facebook	rw4	Last 4 weeks	BE	Belgium	1	1	31233	6246	61	0
CD&V Erpe-Mere	Van Vaerenbergh Johan August G	287188131471344	Facebook	rw4	Last 4 weeks	BE	Belgium	6	1	30993	8999	593	0
Groen Vlaams-Brabant	Groen Vlaams-Brabant	60637191219	Facebook	rw4	Last 4 weeks	BE	Belgium	7	1	30993	5999	692	0
Freya Perdaens	Nieuw-Vlaamse Alliantie	1411253522462277	Facebook	rw4	Last 4 weeks	BE	Belgium	3	1	29997	14999	297	0
Johan Van Overtveldt		275607285891320	Facebook	rw4	Last 4 weeks	BE	Belgium	3	1	29997	15000	296	0
Claude Moniquet	Claude André A Moniquet	1021310417915887	Facebook	rw4	Last 4 weeks	BE	Belgium	3	1	29997	14999	297	0
Gwenaëlle Grovonius Députée PS, 2ème à la Région pour Namur	Géraldine Christine C. Georges	852013494856695	Facebook	rw4	Last 4 weeks	BE	Belgium	4	1	29995	12000	396	0
Junge Mitte	Junge Mitte	1567710236826303	Facebook	rw4	Last 4 weeks	BE	Belgium	5	1	29995	8999	495	0
PVDA West-Vlaanderen	PVDA	1661103980836335	Facebook	rw4	Last 4 weeks	BE	Belgium	6	1	29961	5993	593	0
Mouvement Présence et Action Culturelles	Mouvement Présence et Action Culturelles	958710644172240	Facebook	rw4	Last 4 weeks	BE	Belgium	3	1	29942	14972	296	0
N-VA HeistopdenBerg		821251041256391	Facebook	rw4	Last 4 weeks	BE	Belgium	2	1	28912	6956	88	0
Benjamin Dalle	Benjamin Dalle	232597487340084	Facebook	rw4	Last 4 weeks	BE	Belgium	11	1	28490	7500	940	0
Cowboy		124367788234189	Facebook	rw4	Last 4 weeks	BE	Belgium	1	1	27405	13702	685	137
PFF	Gregor Friedrich E Freches	75534801064	Facebook	rw4	Last 4 weeks	BE	Belgium	7	1	26993	5000	693	0
Jean-Jacques Flahaux		486153524822322	Facebook	rw4	Last 4 weeks	BE	Belgium	1	1	26661	13330	133	26
Socks For Climate	Van De Velde Arthur V	342842996575193	Facebook	rw4	Last 4 weeks	BE	Belgium	6	1	25176	7090	575	0
Kathleen Krekels		1718651388404701	Facebook	rw4	Last 4 weeks	BE	Belgium	1	1	24999	5000	49	0
Virginie Gonzalez		441282799329243	Facebook	rw4	Last 4 weeks	BE	Belgium	1	1	24999	5000	44	0
Lorin Parys	Nieuw-Vlaamse Alliantie	699243700236299	Facebook	rw4	Last 4 weeks	BE	Belgium	3	1	24997	10999	297	0
EESC - European Economic and Social Committee	EESC - European Economic and Social Committee	144709575593854	Facebook	rw4	Last 4 weeks	BE	Belgium	3	1	24996	11000	297	0
Justine Hollevoet	Justine Liliane Hollevoet 	314364712376727	Facebook	rw4	Last 4 weeks	BE	Belgium	3	1	24996	11000	297	0
N-VA Temse	N-VA Temse	157739524296696	Facebook	rw4	Last 4 weeks	BE	Belgium	4	1	24993	7999	395	0
Leila Agic	Leila Agic	229313714293949	Facebook	rw4	Last 4 weeks	BE	Belgium	8	1	24991	6999	792	0
Catharina Rinzema		2114625695290780	Facebook	rw4	Last 4 weeks	BE	Belgium	1	1	24060	4812	47	0
Conseil Consultatif de la communauté marocaine à Mons		569315516884797	Facebook	rw4	Last 4 weeks	BE	Belgium	3	1	22571	4347	111	0
Marc Loewenstein	Marco Loewenstein	664636000270959	Facebook	rw4	Last 4 weeks	BE	Belgium	5	1	21995	7000	495	0
Helga Stevens		213362252188490	Facebook	rw4	Last 4 weeks	BE	Belgium	4	1	21995	10000	396	0
Sensoa		149353871767039	Facebook	rw4	Last 4 weeks	BE	Belgium	1	1	21428	4285	213	42
Eneco Belgium		155682534507894	Facebook	rw4	Last 4 weeks	BE	Belgium	12	1	21077	5399	675	0
Make Your Own Choice	Ferdinand Henry Y Van Der Gracht De Rommerswael	147419065870024	Facebook	rw4	Last 4 weeks	BE	Belgium	4	1	20996	7000	396	0
Sammy Mahdi	Mahdi Sammy	1947077568914353	Facebook	rw4	Last 4 weeks	BE	Belgium	5	1	20994	4000	495	0
Jong N-VA Regio Waregem	De Waele Glen	242316996585154	Facebook	rw4	Last 4 weeks	BE	Belgium	5	1	20992	3999	494	0
Beci Brussels		408119956043956	Facebook	rw4	Last 4 weeks	BE	Belgium	6	1	20457	5524	483	0
Kim Aluwé	Aluwé Kim Lilianna M	266386214287406	Facebook	rw4	Last 4 weeks	BE	Belgium	5	1	20353	3871	482	0
Allessia Claes	Nieuw-Vlaamse Alliantie	606388719448095	Facebook	rw4	Last 4 weeks	BE	Belgium	2	1	19998	9999	198	0
Gilles Verstraeten	Nieuw-Vlaamse Alliantie	2151512408274426	Facebook	rw4	Last 4 weeks	BE	Belgium	2	1	19998	10000	198	0
TScheldt		682842165445702	Facebook	rw4	Last 4 weeks	BE	Belgium	2	1	19998	10000	198	0
Heidi Van Gaever	Van Gaever Adelheid Fabiola E	242905366574089	Facebook	rw4	Last 4 weeks	BE	Belgium	3	1	19997	7000	297	0
Paul Cordy	Nieuw-Vlaamse Alliantie	650813488672073	Facebook	rw4	Last 4 weeks	BE	Belgium	2	1	19997	10000	198	0
Alexander Binon	N-VA Oud-Heverlee	573104879470554	Facebook	rw4	Last 4 weeks	BE	Belgium	3	1	19996	7000	297	0
Thijs Morlion	Morlion Thijs Wim C	379011616013698	Facebook	rw4	Last 4 weeks	BE	Belgium	3	1	19958	6986	296	0
Dirk de Kort	De Kort Dirk Elisabeth A	1992757407624580	Facebook	rw4	Last 4 weeks	BE	Belgium	3	1	19956	6983	296	0
Paul Van Miert	Nieuw-Vlaamse Alliantie	328159867371520	Facebook	rw4	Last 4 weeks	BE	Belgium	1	1	19955	3991	199	39
An Christiaens	Christiaens An Liliane B	427409014327861	Facebook	rw4	Last 4 weeks	BE	Belgium	2	1	19953	9977	197	0
Pax Christi Vlaanderen		108540709270948	Facebook	rw4	Last 4 weeks	BE	Belgium	1	1	18747	3749	187	37
Sien Vandevelde	Vandevelde Sien Natalie S	1716420288443469	Facebook	rw4	Last 4 weeks	BE	Belgium	8	1	18137	2994	610	0
Thomas Geuens	Geuens Thomas	1800565136675003	Facebook	rw4	Last 4 weeks	BE	Belgium	6	1	17994	2999	594	0
Candice Vanhecke	Abou Jahjah Dyab	583228032160687	Facebook	rw4	Last 4 weeks	BE	Belgium	6	1	17994	3000	594	0
Debating Europe	Debating Europe	132011730204757	Facebook	rw4	Last 4 weeks	BE	Belgium	5	1	16995	3000	495	0
Sam Voeten	Voeten Sam	529123987163459	Facebook	rw4	Last 4 weeks	BE	Belgium	3	1	15997	6000	297	0
Alexandra Philippe - DéFI	Alexandra Philippe	2134095363490260	Facebook	rw4	Last 4 weeks	BE	Belgium	3	1	15996	6000	297	0
Yasmine Kherbache	Sp.a Antwerpen	189145821274552	Facebook	rw4	Last 4 weeks	BE	Belgium	3	1	15992	5999	296	0
24Bottles		126060760828576	Facebook	rw4	Last 4 weeks	BE	Belgium	12	1	15414	2274	625	0
Dopper		149978658404973	Facebook	rw4	Last 4 weeks	BE	Belgium	1	1	15217	3043	30	0
MBRC		1853495178284518	Facebook	rw4	Last 4 weeks	BE	Belgium	1	1	15001	7500	37	7
Ecolo Virton	Ecolo	284372185008763	Facebook	rw4	Last 4 weeks	BE	Belgium	2	1	14998	5999	198	0
Fatima Abbach	Fatima Abbach	1721280034665554	Facebook	rw4	Last 4 weeks	BE	Belgium	2	1	14998	6000	198	0
Julien Vertenueil	Julien Vertenueil	2284676965104185	Facebook	rw4	Last 4 weeks	BE	Belgium	2	1	14998	6000	198	0
Jeremie Vaneeckhout	Sabels Jordy	1373626132778895	Facebook	rw4	Last 4 weeks	BE	Belgium	2	1	14998	6000	198	0
Les Grenades - RTBF	Les Grenades - RTBF	1010298882498268	Facebook	rw4	Last 4 weeks	BE	Belgium	2	1	14998	6000	198	0
Willem-Frederik Schiltz		607196916040605	Facebook	rw4	Last 4 weeks	BE	Belgium	2	1	14998	6000	198	0
Julien Vandenhoucke	Vandenhoucke Julien Serge M	772643609793854	Facebook	rw4	Last 4 weeks	BE	Belgium	3	1	14997	3000	297	0
PVDA Mechelen	PVDA	173757289363980	Facebook	rw4	Last 4 weeks	BE	Belgium	3	1	14997	3000	297	0
BRITA België		500803896616806	Facebook	rw4	Last 4 weeks	BE	Belgium	2	1	14997	6000	197	0
Eco Heating		202302506453396	Facebook	rw4	Last 4 weeks	BE	Belgium	3	1	14996	2999	296	0
Cecilia Malmström		258966159416	Facebook	rw4	Last 4 weeks	BE	Belgium	1	1	14955	5982	29	14
Council of the European Union		147547541961576	Facebook	rw4	Last 4 weeks	BE	Belgium	1	1	14657	2931	29	0
Jan Van Camp	Van Camp Jan Emiel G	240346493197462	Facebook	rw4	Last 4 weeks	BE	Belgium	3	1	14348	2870	284	0
VoteWatch Europe		355087424564148	Facebook	rw4	Last 4 weeks	BE	Belgium	5	1	13891	6254	32	10
Sigefroid Van Haelst		426942467817318	Facebook	rw4	Last 4 weeks	BE	Belgium	2	1	13689	2738	48	0
We Amplify		186008238755917	Facebook	rw4	Last 4 weeks	BE	Belgium	5	1	13206	2641	26	0
N-VA Genk	Nieuw-Vlaamse Alliantie	182914008446995	Facebook	rw4	Last 4 weeks	BE	Belgium	1	1	12499	2500	24	0
Camping Clair Matin		597267320442961	Facebook	rw4	Last 4 weeks	BE	Belgium	2	1	12159	2379	49	0
Ecolo au coeur du changement - Province de Liège	Ecolo - province de Liège 	580163825784309	Facebook	rw4	Last 4 weeks	BE	Belgium	4	1	11830	2166	313	0
Touche pas à ma planète		2174582836142717	Facebook	rw4	Last 4 weeks	BE	Belgium	34	1	11603	2083	328	10
BePax		229203850426658	Facebook	rw4	Last 4 weeks	BE	Belgium	2	1	11468	4235	163	0
éditions markus haller		74203385744	Facebook	rw4	Last 4 weeks	BE	Belgium	2	1	11319	2263	19	0
Sihame El Kaouakibi		595882667132447	Facebook	rw4	Last 4 weeks	BE	Belgium	2	1	10998	5000	198	0
Nathalie Muylle	Nathalie Muylle	1230985333669070	Facebook	rw4	Last 4 weeks	BE	Belgium	3	1	10995	1999	296	0
Emin Ozkara		467415843751253	Facebook	rw4	Last 4 weeks	BE	Belgium	4	1	10839	2287	230	0
Soonfeed		214615931960850	Facebook	rw4	Last 4 weeks	BE	Belgium	5	1	10246	2049	202	0
N-VA Hasselt	Nieuw-Vlaamse Alliantie	131167466986260	Facebook	rw4	Last 4 weeks	BE	Belgium	1	1	9999	5000	99	0
Jo Vandeurzen	De Wulf Jens Leo J	330696130322935	Facebook	rw4	Last 4 weeks	BE	Belgium	1	1	9999	4999	99	0
Inez De Coninck-pagina	Nieuw-Vlaamse Alliantie	371610010117710	Facebook	rw4	Last 4 weeks	BE	Belgium	1	1	9999	5000	99	0
N-VA Overijse	Van San Jeroen Edward C	149066685171508	Facebook	rw4	Last 4 weeks	BE	Belgium	1	1	9999	5000	99	0
CD&V Ravels	Andriessen Nic	107574269395562	Facebook	rw4	Last 4 weeks	BE	Belgium	1	1	9999	5000	99	0
Candidate Raquel Gomes David	Gomes David Raquel	364123120866777	Facebook	rw4	Last 4 weeks	BE	Belgium	1	1	9999	4999	99	0
Qendresa Gërlica		220293295232594	Facebook	rw4	Last 4 weeks	BE	Belgium	1	1	9999	5000	99	0
Unia		169945623038344	Facebook	rw4	Last 4 weeks	BE	Belgium	1	1	9999	5000	99	0
Maurella Carbone		407963336426584	Facebook	rw4	Last 4 weeks	BE	Belgium	1	1	9999	5000	99	0
Caroline De Meerleer		278233629764740	Facebook	rw4	Last 4 weeks	BE	Belgium	1	1	9999	5000	99	0
International Rescue Committee		73970658023	Facebook	rw4	Last 4 weeks	BE	Belgium	1	1	9999	5000	88	0
Manuela Van Werde	Nieuw-Vlaamse Alliantie	1450791131808117	Facebook	rw4	Last 4 weeks	BE	Belgium	1	1	9999	4999	99	0
Rachid Azaoum		1016780215187655	Facebook	rw4	Last 4 weeks	BE	Belgium	1	1	9999	4999	99	0
Pfizer Belgique Luxembourg		174580985921902	Facebook	rw4	Last 4 weeks	BE	Belgium	1	1	9999	4999	98	0
Gauche anticapitaliste		121620311194202	Facebook	rw4	Last 4 weeks	BE	Belgium	1	1	9999	5000	99	0
Steff Nouws		175452716389521	Facebook	rw4	Last 4 weeks	BE	Belgium	2	1	9998	2000	197	0
Valérie De Bue	Valérie De Bue	261617251408	Facebook	rw4	Last 4 weeks	BE	Belgium	2	1	9998	2000	197	0
Daan De Veuster	De Veuster Daan Jozef D	1753693034925883	Facebook	rw4	Last 4 weeks	BE	Belgium	2	1	9998	1999	198	0
Wouter De Vriendt	Sabels Jordy	2148775248546904	Facebook	rw4	Last 4 weeks	BE	Belgium	2	1	9998	2000	198	0
vincent Demonty		893067110891179	Facebook	rw4	Last 4 weeks	BE	Belgium	1	1	9998	5000	99	0
GroenPlus		130349730380	Facebook	rw4	Last 4 weeks	BE	Belgium	1	1	9998	5000	99	0
Tom Dewandelaere	Tom Dewandelaere	808383386025450	Facebook	rw4	Last 4 weeks	BE	Belgium	1	1	9998	5000	99	0
Groen Tienen	Groen Tienen	172627916131316	Facebook	rw4	Last 4 weeks	BE	Belgium	1	1	9998	5000	98	0
Tine Soens	Tine Joselyne Soens	1778402815798036	Facebook	rw4	Last 4 weeks	BE	Belgium	2	1	9998	2000	198	0
CD&V Zele		902818493070167	Facebook	rw4	Last 4 weeks	BE	Belgium	1	1	9998	5000	99	0
CD&V Lier-Koningshooikt	Penen Maxime	550301101647461	Facebook	rw4	Last 4 weeks	BE	Belgium	2	1	9997	1999	198	0
Aimen Horch		2251600744900372	Facebook	rw4	Last 4 weeks	BE	Belgium	2	1	9997	2000	197	0
Timothy Rowies	Rowies Timothy	230172250986880	Facebook	rw4	Last 4 weeks	BE	Belgium	1	1	9996	4998	98	0
Mieke Schauvliege		580909235603988	Facebook	rw4	Last 4 weeks	BE	Belgium	1	1	9995	4998	98	0
Health and Environment Alliance (HEAL)	The Health and Environment Alliance (HEAL)	208410145872548	Facebook	rw4	Last 4 weeks	BE	Belgium	2	1	9994	1999	197	0
Ecolo Braine Le Comte	Ecolo Braine-le-Comte	775758055853342	Facebook	rw4	Last 4 weeks	BE	Belgium	6	1	9988	1000	593	0
Miranda Van Eetvelde	Van Eetvelde Miranda Paula A	123242867697182	Facebook	rw4	Last 4 weeks	BE	Belgium	2	1	9988	1998	197	0
Mister Genius Liege		143640509489836	Facebook	rw4	Last 4 weeks	BE	Belgium	6	1	9984	1915	230	0
Maryam Jamshid		245016762713020	Facebook	rw4	Last 4 weeks	BE	Belgium	1	1	9981	4991	98	0
Dirk Rochtus, plaats 27 voor het Vlaams Parlement, Provincie Antwerpen		381494492700046	Facebook	rw4	Last 4 weeks	BE	Belgium	2	1	9969	1994	197	0
Marleen Kauffmann	Kauffmann Marleen Johanna	282401575604281	Facebook	rw4	Last 4 weeks	BE	Belgium	1	1	9963	4982	98	0
N-VA Turnhout	Nieuw-Vlaamse Alliantie	150932761651575	Facebook	rw4	Last 4 weeks	BE	Belgium	1	1	9950	4975	98	0
Feel Slovenia		144098725952	Facebook	rw4	Last 4 weeks	BE	Belgium	6	1	9298	2795	300	0
Greens/EFA in the European Parliament		150527751674751	Facebook	rw4	Last 4 weeks	BE	Belgium	9	1	9122	3352	72	1
Thomas Wellens	Wellens Thomas	444370912980803	Facebook	rw4	Last 4 weeks	BE	Belgium	5	1	8995	1000	495	0
Eda Öztürk	Ozturk Eda	256652841853645	Facebook	rw4	Last 4 weeks	BE	Belgium	5	1	8995	1000	495	0
Gaia		182073298490036	Facebook	rw4	Last 4 weeks	BE	Belgium	5	1	8831	4177	79	33
Ahmed Laaouej		672031322849835	Facebook	rw4	Last 4 weeks	BE	Belgium	1	1	8749	4375	86	0
Comité international de la Croix-Rouge		540364216018969	Facebook	rw4	Last 4 weeks	BE	Belgium	1	1	8602	4301	4	0
European Young Leaders - EYL40		227054030686626	Facebook	rw4	Last 4 weeks	BE	Belgium	2	1	8599	1719	17	0
HuisvandeMens Halle		130530167077057	Facebook	rw4	Last 4 weeks	BE	Belgium	1	1	8570	4285	84	0
Tom De Meester		409051602452966	Facebook	rw4	Last 4 weeks	BE	Belgium	1	1	8414	4207	83	0
angelinachan		632691657152667	Facebook	rw4	Last 4 weeks	BE	Belgium	1	1	8333	1666	16	0
Grootouders voor het Klimaat Be		2070094243041414	Facebook	rw4	Last 4 weeks	BE	Belgium	2	1	8255	1651	163	0
Sweco Belgium		370829863001865	Facebook	rw4	Last 4 weeks	BE	Belgium	7	1	8162	999	412	0
European Youth Event		919232861444360	Facebook	rw4	Last 4 weeks	BE	Belgium	3	1	8146	3524	19	6
Keyware		408144719228455	Facebook	rw4	Last 4 weeks	BE	Belgium	1	1	8064	1612	80	16
desiRED - Digital Strategy Agency	desiRED Digital Strategy Agency	1712512312399812	Facebook	rw4	Last 4 weeks	BE	Belgium	1	1	7999	3999	79	0
Maison de la Laïcité Andenne		942548119113599	Facebook	rw4	Last 4 weeks	BE	Belgium	1	1	7856	3928	77	0
Deborah Nyst art events		1403346269807337	Facebook	rw4	Last 4 weeks	BE	Belgium	1	1	7776	3888	77	0
Chroniques de la Wallonie communiste		436281157179926	Facebook	rw4	Last 4 weeks	BE	Belgium	1	1	7551	1510	14	0
Anani Sossou Officiel		1839264332826510	Facebook	rw4	Last 4 weeks	BE	Belgium	1	1	7272	3636	72	0
Familles du Monde asbl		768490986530666	Facebook	rw4	Last 4 weeks	BE	Belgium	2	1	7271	1454	144	0
Andréa Kalubi		745216512540969	Facebook	rw4	Last 4 weeks	BE	Belgium	1	1	7142	1428	14	0
Brusol		522389238191177	Facebook	rw4	Last 4 weeks	BE	Belgium	1	1	7142	1428	71	14
Adri & Zoon Yerseke B.V.		104393749685848	Facebook	rw4	Last 4 weeks	BE	Belgium	1	1	7044	1408	13	0
Zeger Debyser-pagina	Debyser Zeger Marie J	202937930480361	Facebook	rw4	Last 4 weeks	BE	Belgium	3	1	6993	999	296	0
WeCircular		733687417019547	Facebook	rw4	Last 4 weeks	BE	Belgium	2	1	6873	1375	136	0
De vernieuwers		1830473390578456	Facebook	rw4	Last 4 weeks	BE	Belgium	1	1	6841	3421	67	0
Pro Bruxsel		43144395107	Facebook	rw4	Last 4 weeks	BE	Belgium	1	1	6666	3333	58	0
Jean-Claude Marcourt - Officiel		214672635464	Facebook	rw4	Last 4 weeks	BE	Belgium	1	1	6666	3333	66	0
Ebem		310353242487385	Facebook	rw4	Last 4 weeks	BE	Belgium	2	1	6263	2505	82	0
Ensemble Pour Herstal	Norbert Jean N Weytjens	1758096321151168	Facebook	rw4	Last 4 weeks	BE	Belgium	2	1	5998	1000	198	0
PajoPower		110375035653012	Facebook	rw4	Last 4 weeks	BE	Belgium	2	1	5998	1000	198	0
Minister Harald Mollers		1869992013240347	Facebook	rw4	Last 4 weeks	BE	Belgium	2	1	5998	1000	198	0
Petra De Sutter		372776579930604	Facebook	rw4	Last 4 weeks	BE	Belgium	2	1	5998	999	197	0
Mjs Flemalle		201905843666746	Facebook	rw4	Last 4 weeks	BE	Belgium	2	1	5998	1000	198	0
Vautmans Hilde		2415125145187731	Facebook	rw4	Last 4 weeks	BE	Belgium	2	1	5998	999	198	0
Jonathan de Patoul - DéFI	Jonathan Daniël S de Patoul	2069381119775596	Facebook	rw4	Last 4 weeks	BE	Belgium	2	1	5997	1000	198	0
Simon De Boeck - 1e schepen Gooik	De Boeck Simon	781750292026149	Facebook	rw4	Last 4 weeks	BE	Belgium	2	1	5997	1000	198	0
Bedazzle		319826451756550	Facebook	rw4	Last 4 weeks	BE	Belgium	2	1	5990	998	197	0
Hallo politici		1700873790185503	Facebook	rw4	Last 4 weeks	BE	Belgium	2	1	5866	2408	75	0
I Love Crowdfunding Projects		112683756154005	Facebook	rw4	Last 4 weeks	BE	Belgium	5	1	5780	1577	45	9
Justice et Paix		1425199314381122	Facebook	rw4	Last 4 weeks	BE	Belgium	2	1	5624	2250	74	0
Çavaria		96380798126	Facebook	rw4	Last 4 weeks	BE	Belgium	1	1	5454	2727	54	0
Berlin International University of Applied Sciences		753347444715991	Facebook	rw4	Last 4 weeks	BE	Belgium	1	1	5423	2712	27	5
Foire de Libramont		188294511201100	Facebook	rw4	Last 4 weeks	BE	Belgium	1	1	5387	2694	53	0
Basmah		137973986840264	Facebook	rw4	Last 4 weeks	BE	Belgium	20	1	5255	1114	46	0
PTB Région Bruxelles-Capitale /  PVDA Brussels Hoofdstedelijk Gewest		162499363939852	Facebook	rw4	Last 4 weeks	BE	Belgium	1	1	5198	2599	51	0
Less Saves The Planet		222697015050981	Facebook	rw4	Last 4 weeks	BE	Belgium	2	1	5186	2151	12	1
Sébastien Dewailly	Sébastien Dewailly	347034845930735	Facebook	rw4	Last 4 weeks	BE	Belgium	1	1	4999	1000	99	0
sp.a Dendermonde	sp.a Dendermonde	243740739113286	Facebook	rw4	Last 4 weeks	BE	Belgium	1	1	4999	1000	99	0
Lieve Maes	Nieuw-Vlaamse Aliiantie	287293904752254	Facebook	rw4	Last 4 weeks	BE	Belgium	1	1	4999	1000	99	0
Robrecht Bothuyne	D'hauwer Pieter	365185737579327	Facebook	rw4	Last 4 weeks	BE	Belgium	1	1	4999	1000	99	0
Jessika Soors	Groen	258782685014199	Facebook	rw4	Last 4 weeks	BE	Belgium	1	1	4999	999	99	0
Alexandra Roumans		330460747429309	Facebook	rw4	Last 4 weeks	BE	Belgium	1	1	4999	1000	99	0
Ecolo Luxembourg	Ecolo	265430440298543	Facebook	rw4	Last 4 weeks	BE	Belgium	1	1	4999	1000	99	0
Delphine Chabbert, candidate d'ouverture, 4e à Bruxelles #touteslesfamilles	Delphine Chabbert	989742204557872	Facebook	rw4	Last 4 weeks	BE	Belgium	1	1	4999	1000	99	0
European Free Alliance	European Free Alliance	46708306425	Facebook	rw4	Last 4 weeks	BE	Belgium	1	1	4999	1000	99	0
Bram Heylen	Heylen Bram	812636525751167	Facebook	rw4	Last 4 weeks	BE	Belgium	1	1	4999	1000	99	0
Anne Dedry	Groen	560441334046098	Facebook	rw4	Last 4 weeks	BE	Belgium	1	1	4999	999	99	0
RedFox Bruxelles - Brussel	RedFox	1719730541649856	Facebook	rw4	Last 4 weeks	BE	Belgium	1	1	4999	1000	99	0
Patrick Prévot		445466155584975	Facebook	rw4	Last 4 weeks	BE	Belgium	1	1	4999	1000	98	0
Jasper Baeyens	Baeyens Jasper	1052517274922436	Facebook	rw4	Last 4 weeks	BE	Belgium	1	1	4999	1000	99	0
Vlaams Belang Oostkamp		1947331345579132	Facebook	rw4	Last 4 weeks	BE	Belgium	1	1	4999	1000	99	0
N-VA Katelijne & Waver	N-VA Sint-Katelijne-Waver	289744314420894	Facebook	rw4	Last 4 weeks	BE	Belgium	1	1	4999	999	99	0
Overijse2002	Van San Jeroen Edward C	298591964119	Facebook	rw4	Last 4 weeks	BE	Belgium	1	1	4999	999	99	0
Ditjon Kraja - Election 2019		306781353351999	Facebook	rw4	Last 4 weeks	BE	Belgium	1	1	4999	1000	99	0
Peter Persyn	Van San Jeroen Edward C	374328916307415	Facebook	rw4	Last 4 weeks	BE	Belgium	1	1	4999	999	99	0
Aubry Meyers - Défi Liège		480986099012384	Facebook	rw4	Last 4 weeks	BE	Belgium	1	1	4999	999	99	0
Roel Van Elsacker	Van Elsacker Roel	755735138160727	Facebook	rw4	Last 4 weeks	BE	Belgium	1	1	4999	1000	99	0
Audrey Henry	Audrey Henry	502988170105713	Facebook	rw4	Last 4 weeks	BE	Belgium	1	1	4999	1000	99	0
Toitmat		112247246106896	Facebook	rw4	Last 4 weeks	BE	Belgium	1	1	4999	1000	98	0
Jos Lantmeeters	Nieuw-Vlaamse Alliantie	2253398908319094	Facebook	rw4	Last 4 weeks	BE	Belgium	1	1	4999	1000	99	0
Olivier Coppens	Olivier Coppens	2086435664734819	Facebook	rw4	Last 4 weeks	BE	Belgium	1	1	4999	1000	99	0
Michaël Loriaux		821202844881093	Facebook	rw4	Last 4 weeks	BE	Belgium	1	1	4999	1000	99	0
Erebunishop	Gevorgyan Armen	379144266143377	Facebook	rw4	Last 4 weeks	BE	Belgium	1	1	4999	1000	99	0
Nathalie Gilson		98338800358	Facebook	rw4	Last 4 weeks	BE	Belgium	1	1	4999	1000	99	0
Écolojcentre	ECOLOJ Centre	281410879464195	Facebook	rw4	Last 4 weeks	BE	Belgium	1	1	4999	1000	99	0
Comité de soutien "Lionel Pistone"  - élections 2019		2652972174718380	Facebook	rw4	Last 4 weeks	BE	Belgium	1	1	4999	1000	88	0
Pascal Masarotti		427056964497572	Facebook	rw4	Last 4 weeks	BE	Belgium	1	1	4999	999	99	0
Ecolo J LouvainlaNeuve		1403842909933822	Facebook	rw4	Last 4 weeks	BE	Belgium	1	1	4999	999	99	0
Kenza Yacoubi		193283674572062	Facebook	rw4	Last 4 weeks	BE	Belgium	1	1	4999	999	99	0
YEAD		773528052757141	Facebook	rw4	Last 4 weeks	BE	Belgium	1	1	4999	1000	99	0
Andy Pieters		1896823800416784	Facebook	rw4	Last 4 weeks	BE	Belgium	1	1	4999	1000	99	0
Davidsfonds Hoegaarden		127761998050230	Facebook	rw4	Last 4 weeks	BE	Belgium	1	1	4999	1000	99	0
Youth For Climate Brussel		369294200565867	Facebook	rw4	Last 4 weeks	BE	Belgium	1	1	4999	1000	99	0
Dries Couckuyt		234793994081500	Facebook	rw4	Last 4 weeks	BE	Belgium	1	1	4999	1000	99	0
Adeline Blancquaert		756809214718304	Facebook	rw4	Last 4 weeks	BE	Belgium	1	1	4999	999	99	0
sp.a Izegem	Justine Liliane Hollevoet 	600655766687497	Facebook	rw4	Last 4 weeks	BE	Belgium	1	1	4999	1000	99	0
Selexion		155470237817906	Facebook	rw4	Last 4 weeks	BE	Belgium	1	1	4999	1000	99	0
Europe Together		140105536131109	Facebook	rw4	Last 4 weeks	BE	Belgium	1	1	4999	1000	99	0
Vossaert Michaël		237845390282626	Facebook	rw4	Last 4 weeks	BE	Belgium	1	1	4999	1000	99	0
Femmes actives en réseau - f.a.r		469208646469054	Facebook	rw4	Last 4 weeks	BE	Belgium	1	1	4999	1000	99	0
Prenons soin de nous		166588837188467	Facebook	rw4	Last 4 weeks	BE	Belgium	1	1	4999	1000	99	0
Les Journées Imagine		758564571197612	Facebook	rw4	Last 4 weeks	BE	Belgium	1	1	4999	999	99	0
Inventio		1505754236345896	Facebook	rw4	Last 4 weeks	BE	Belgium	1	1	4999	2500	49	0
Gabriel Persoons		2267840976823744	Facebook	rw4	Last 4 weeks	BE	Belgium	1	1	4998	999	98	0
Jimmy Koppen		2269528713104353	Facebook	rw4	Last 4 weeks	BE	Belgium	1	1	4998	999	99	0
Groen Edegem		132812442651	Facebook	rw4	Last 4 weeks	BE	Belgium	1	1	4998	999	98	0
Burgers tegen terreur		569267593231204	Facebook	rw4	Last 4 weeks	BE	Belgium	1	1	4998	1000	88	0
Toon De Bock		416875575718845	Facebook	rw4	Last 4 weeks	BE	Belgium	1	1	4998	999	99	0
Cafécitoyen		194927071110390	Facebook	rw4	Last 4 weeks	BE	Belgium	1	1	4998	999	99	0
Bruno Berrendorf Parti Populaire Verviers		2152919811404296	Facebook	rw4	Last 4 weeks	BE	Belgium	1	1	4997	999	98	0
Fédération des Etudiants Libéraux		6520274567	Facebook	rw4	Last 4 weeks	BE	Belgium	1	1	4996	999	98	0
Margot Desmet		253943212160826	Facebook	rw4	Last 4 weeks	BE	Belgium	1	1	4994	999	98	0
ACOD		436150076422757	Facebook	rw4	Last 4 weeks	BE	Belgium	1	1	4994	999	98	0
WE Government		452079255532669	Facebook	rw4	Last 4 weeks	BE	Belgium	2	1	4994	999	98	0
Jonge Socialisten		301866806586975	Facebook	rw4	Last 4 weeks	BE	Belgium	1	1	4992	998	98	0
Open VLD Lommel		141484842646810	Facebook	rw4	Last 4 weeks	BE	Belgium	1	1	4992	998	98	0
Natalie Eggermont	PVDA	415595709204858	Facebook	rw4	Last 4 weeks	BE	Belgium	1	1	4991	998	98	0
Dominic Tholen. CD&V Zonhoven	Tholen Dominic Louis P	449347242139552	Facebook	rw4	Last 4 weeks	BE	Belgium	1	1	4991	998	98	0
ACOD Limburg		880006905441714	Facebook	rw4	Last 4 weeks	BE	Belgium	1	1	4985	997	98	0
European Centre for Romanian Unity		130970050940986	Facebook	rw4	Last 4 weeks	BE	Belgium	1	1	4985	997	98	0
Frank Vroonen	Vroonen Frank Gert H	372220956948780	Facebook	rw4	Last 4 weeks	BE	Belgium	1	1	4982	996	98	0
Ecofusion		611063025664570	Facebook	rw4	Last 4 weeks	BE	Belgium	1	1	4834	966	95	0
FT Content Solutions		1220981994590364	Facebook	rw4	Last 4 weeks	BE	Belgium	5	1	4826	1157	16	0
Caritas International.be		318423514835874	Facebook	rw4	Last 4 weeks	BE	Belgium	2	1	4798	800	158	0
Gregory Lucas		233531184091095	Facebook	rw4	Last 4 weeks	BE	Belgium	1	1	4686	937	92	0
Ecolo Durbuy		1296272377072952	Facebook	rw4	Last 4 weeks	BE	Belgium	1	1	4686	937	92	0
Je Fais Ce que Je dis  et C'est ce qui fera la différence .		893798967476733	Facebook	rw4	Last 4 weeks	BE	Belgium	2	1	4634	727	171	0
Solvay Digital Society		384469715258601	Facebook	rw4	Last 4 weeks	BE	Belgium	1	1	4544	909	90	0
MasterClass		687589164666184	Facebook	rw4	Last 4 weeks	BE	Belgium	1	1	4288	2144	19	3
Steenrock		960413374053338	Facebook	rw4	Last 4 weeks	BE	Belgium	1	1	4276	2138	42	0
Wholesome Culture		1664959567149320	Facebook	rw4	Last 4 weeks	BE	Belgium	2	1	4032	1434	5	0
Amnesty International Nederland	Amnesty International Nederland	57729029960	Facebook	rw4	Last 4 weeks	BE	Belgium	1	1	4010	802	40	8
Centre d'Études du Développement Durable de l'IGEAT-ULB CEDD		1482350395366976	Facebook	rw4	Last 4 weeks	BE	Belgium	1	1	3928	1964	22	4
Groen Herent		117902231630072	Facebook	rw4	Last 4 weeks	BE	Belgium	1	1	3845	769	76	0
VIER VOETERS		110540418715	Facebook	rw4	Last 4 weeks	BE	Belgium	9	1	3765	1262	63	0
Waidmannsheil, Hét magazine voor de gepassioneerde grofwildjagers		166616950047709	Facebook	rw4	Last 4 weeks	BE	Belgium	1	1	3759	751	7	0
Maxim Veys		2141077652780131	Facebook	rw4	Last 4 weeks	BE	Belgium	1	1	3746	1873	37	0
Steve & Els - campagne 2019		261941004685486	Facebook	rw4	Last 4 weeks	BE	Belgium	1	1	3635	727	72	0
Vive l'Europe		348179586023286	Facebook	rw4	Last 4 weeks	BE	Belgium	6	1	3589	696	79	0
La Montre Traceur GPS		2351537601739254	Facebook	rw4	Last 4 weeks	BE	Belgium	3	1	3579	1386	48	0
Burgerplatform.Gent		1952743984797308	Facebook	rw4	Last 4 weeks	BE	Belgium	2	1	3534	523	142	0
Jan De Volder		250105722223585	Facebook	rw4	Last 4 weeks	BE	Belgium	1	1	3528	705	69	0
Hilde Vautmans		1121251937901508	Facebook	rw4	Last 4 weeks	BE	Belgium	2	1	3498	499	148	0
Unis pour les Droits Humains		1642871805813802	Facebook	rw4	Last 4 weeks	BE	Belgium	2	1	3491	1543	36	0
COMPLEXE CAP'TAIN		40093161811	Facebook	rw4	Last 4 weeks	BE	Belgium	1	1	3480	1740	34	0
Eclairelavie		475156612973063	Facebook	rw4	Last 4 weeks	BE	Belgium	2	1	3425	685	32	5
Onur Akpinar		186066368636045	Facebook	rw4	Last 4 weeks	BE	Belgium	4	1	3385	943	142	0
Weekplanner - Structuur en planning oplossingen voor schoolgaande kinderen		336729963116870	Facebook	rw4	Last 4 weeks	BE	Belgium	2	1	3378	675	12	0
N-VA Stad Antwerpen	Nieuw-Vlaamse Alliantie	379749768826697	Facebook	rw4	Last 4 weeks	BE	Belgium	1	1	3333	1666	33	0
ВОЛЯ - Българските Родолюбци		317433685633688	Facebook	rw4	Last 4 weeks	BE	Belgium	1	1	3327	665	5	0
Guido Vaganee		391476725004619	Facebook	rw4	Last 4 weeks	BE	Belgium	1	1	3326	665	58	0
Annie Mokto		285680708188774	Facebook	rw4	Last 4 weeks	BE	Belgium	2	1	3181	636	63	0
Installatie360		833101103502238	Facebook	rw4	Last 4 weeks	BE	Belgium	1	1	3124	1562	30	0
The King of Books		1162291227121962	Facebook	rw4	Last 4 weeks	BE	Belgium	1	1	3120	624	6	0
sp.a Torhout		633104893482476	Facebook	rw4	Last 4 weeks	BE	Belgium	2	1	3116	423	140	0
Banque mondiale		155174084508744	Facebook	rw4	Last 4 weeks	BE	Belgium	28	1	3111	696	15	0
Woodbrass		39488239955	Facebook	rw4	Last 4 weeks	BE	Belgium	1	1	3060	612	30	6
Talking Europe		316028505828375	Facebook	rw4	Last 4 weeks	BE	Belgium	2	1	3022	1465	14	2
Centre bruxellois d'action interculturelle (CBAI)		192636267445552	Facebook	rw4	Last 4 weeks	BE	Belgium	1	1	2999	600	59	0
ISNAT asbl		1758988670981113	Facebook	rw4	Last 4 weeks	BE	Belgium	3	1	2997	0	297	0
André YINDA YINDA - Turquoise		355973298354745	Facebook	rw4	Last 4 weeks	BE	Belgium	3	1	2997	0	297	0
Campus protestant		2019076568379648	Facebook	rw4	Last 4 weeks	BE	Belgium	1	1	2932	586	29	5
Damien Thiery		153642371362130	Facebook	rw4	Last 4 weeks	BE	Belgium	1	1	2777	555	55	0
European Youth		130456876990360	Facebook	rw4	Last 4 weeks	BE	Belgium	1	1	2754	1377	6	1
NIGHT & DAY		354854642542	Facebook	rw4	Last 4 weeks	BE	Belgium	1	1	2726	545	54	0
Schoenen Torfs		144050788941735	Facebook	rw4	Last 4 weeks	BE	Belgium	1	1	2726	545	53	0
Vlaams Belang Noord-Limburg		1616405871795502	Facebook	rw4	Last 4 weeks	BE	Belgium	1	1	2717	543	53	0
Holzkern		550085078491459	Facebook	rw4	Last 4 weeks	BE	Belgium	5	1	2700	981	27	11
European Laurel		322124128611587	Facebook	rw4	Last 4 weeks	BE	Belgium	1	1	2589	517	5	0
Kenneth Flathaug Photography		125745308299292	Facebook	rw4	Last 4 weeks	BE	Belgium	2	1	2548	1274	1	0
Georges-Louis Bouchez		341174129258800	Facebook	rw4	Last 4 weeks	BE	Belgium	1	1	2499	500	49	0
Boutique Pride		299458774182573	Facebook	rw4	Last 4 weeks	BE	Belgium	1	1	2489	497	24	4
Collectif féministe Kahina		1627657827279331	Facebook	rw4	Last 4 weeks	BE	Belgium	3	1	2373	333	103	0
Peuls Debout		322598628391331	Facebook	rw4	Last 4 weeks	BE	Belgium	1	1	2352	470	4	0
EURASHE		146286552151990	Facebook	rw4	Last 4 weeks	BE	Belgium	1	1	2272	454	40	0
La Ligue de l'Enseignement et de l'Education permanente		400719310011289	Facebook	rw4	Last 4 weeks	BE	Belgium	1	1	2272	454	45	0
Marie Nagy		1422614191312240	Facebook	rw4	Last 4 weeks	BE	Belgium	1	1	2272	454	45	0
Yéléna Matuziak		2320272804871937	Facebook	rw4	Last 4 weeks	BE	Belgium	2	1	2249	375	74	0
ATAA Foundation		2039469612804034	Facebook	rw4	Last 4 weeks	BE	Belgium	1	1	2207	1103	19	0
Feminn		1831978070233335	Facebook	rw4	Last 4 weeks	BE	Belgium	3	1	2182	1034	23	0
Cafébabel FR		164840663569648	Facebook	rw4	Last 4 weeks	BE	Belgium	1	1	2068	1034	20	0
GroenLinks	GroenLinks	175740570505	Facebook	rw4	Last 4 weeks	BE	Belgium	2	1	2062	502	6	0
Proriott		3097198860306172	Facebook	rw4	Last 4 weeks	BE	Belgium	2	1	2031	539	18	2
Enicorp service		1885446301567412	Facebook	rw4	Last 4 weeks	BE	Belgium	2	1	1999	333	58	0
Evi Robert voor Europa		277540613176324	Facebook	rw4	Last 4 weeks	BE	Belgium	2	1	1999	333	66	0
Association pour la Promotion de la Francophonie en Flandre		1084185458418223	Facebook	rw4	Last 4 weeks	BE	Belgium	1	1	1999	400	39	0
Cécile Vainsel	Cécile Vainsel	587081831694116	Facebook	rw4	Last 4 weeks	BE	Belgium	2	1	1998	0	198	0
Ecolo Chaudfontaine	Thelen Lionel Willy	1615520988700439	Facebook	rw4	Last 4 weeks	BE	Belgium	2	1	1998	0	198	0
Charis Kamoen		207387513240677	Facebook	rw4	Last 4 weeks	BE	Belgium	2	1	1998	0	198	0
Jeunes MR Chaudfontaine	Laurent Marc S Radermecker	1509877552632496	Facebook	rw4	Last 4 weeks	BE	Belgium	2	1	1998	0	198	0
Wim Soons		598618930329580	Facebook	rw4	Last 4 weeks	BE	Belgium	2	1	1998	0	198	0
CD&V Lokeren	Geirnaert Lies Hilda	1042626989219065	Facebook	rw4	Last 4 weeks	BE	Belgium	2	1	1998	0	198	0
I love Mortsel	Vllazeria  Amarildo	331619486900252	Facebook	rw4	Last 4 weeks	BE	Belgium	2	1	1998	0	198	0
Climate News Hub	EU News	1640153586244243	Facebook	rw4	Last 4 weeks	BE	Belgium	2	1	1998	0	198	0
ABVVTrigion		736375463154904	Facebook	rw4	Last 4 weeks	BE	Belgium	2	1	1998	0	198	0
Fjällräven Belgium		405574896861332	Facebook	rw4	Last 4 weeks	BE	Belgium	2	1	1998	0	229	0
Hedi Baka		228340737346624	Facebook	rw4	Last 4 weeks	BE	Belgium	2	1	1998	0	197	0
N-VA Hooglede Gits		536655126395508	Facebook	rw4	Last 4 weeks	BE	Belgium	2	1	1997	0	198	0
Deutschland.de		31292782350	Facebook	rw4	Last 4 weeks	BE	Belgium	10	1	1989	397	37	0
VZWGent4Humanity refugee support.		1622449304739556	Facebook	rw4	Last 4 weeks	BE	Belgium	1	1	1981	396	39	0
Miapetra Kumpula-Natri		922311201130062	Facebook	rw4	Last 4 weeks	BE	Belgium	1	1	1954	390	17	3
ALDE Group – Liberals and Democrats in the European Parliament		123910440019	Facebook	rw4	Last 4 weeks	BE	Belgium	1	1	1895	947	9	1
Polis		953676661312241	Facebook	rw4	Last 4 weeks	BE	Belgium	3	1	1880	0	186	0
Cathy Collard 3em suppléante à la chambre		1664268480384060	Facebook	rw4	Last 4 weeks	BE	Belgium	1	1	1874	375	37	0
Alexandre Del Valle		210163002528350	Facebook	rw4	Last 4 weeks	BE	Belgium	1	1	1870	374	37	0
De Beleefhoek - Koffie & Klets vzw		958236627700857	Facebook	rw4	Last 4 weeks	BE	Belgium	2	1	1831	0	181	0
Jean Lefebvre		244855445617475	Facebook	rw4	Last 4 weeks	BE	Belgium	1	1	1817	363	36	0
Climate-KIC		403370709744295	Facebook	rw4	Last 4 weeks	BE	Belgium	1	1	1776	888	5	1
Foodpowerr		625107021262384	Facebook	rw4	Last 4 weeks	BE	Belgium	2	1	1673	334	14	2
David Vandekerkhove		746747445701947	Facebook	rw4	Last 4 weeks	BE	Belgium	1	1	1665	832	16	0
Les Députés les Lobbys et les Truands		411935312720641	Facebook	rw4	Last 4 weeks	BE	Belgium	1	1	1625	813	16	0
La Trompette Philadelphienne		1574246796218348	Facebook	rw4	Last 4 weeks	BE	Belgium	2	1	1566	355	4	0
Avast Software		595506460492014	Facebook	rw4	Last 4 weeks	BE	Belgium	1	1	1550	775	13	0
Sufferosa		298654263583	Facebook	rw4	Last 4 weeks	BE	Belgium	2	1	1483	579	1	0
Bart Lindelauf		736329586750863	Facebook	rw4	Last 4 weeks	BE	Belgium	1	1	1428	714	14	0
World Bank		153371894688575	Facebook	rw4	Last 4 weeks	BE	Belgium	6	1	1379	681	4	0
Best Tech Crowdfunding Videos		615071652029076	Facebook	rw4	Last 4 weeks	BE	Belgium	15	1	1363	5	118	0
Immigration Spot		210839979532061	Facebook	rw4	Last 4 weeks	BE	Belgium	4	1	1333	404	17	1
P&V Assurances Verzekeringen		181449658864466	Facebook	rw4	Last 4 weeks	BE	Belgium	2	1	1331	0	132	0
North Sails_Collection		210406252903120	Facebook	rw4	Last 4 weeks	BE	Belgium	2	1	1331	0	131	0
The Good Lobby		1420129598280317	Facebook	rw4	Last 4 weeks	BE	Belgium	5	1	1325	396	5	0
Awacer Tv		338347453659143	Facebook	rw4	Last 4 weeks	BE	Belgium	1	1	1249	624	11	0
Agentschap Innoveren & Ondernemen		234120763597078	Facebook	rw4	Last 4 weeks	BE	Belgium	1	1	1249	625	12	0
Renaud Deveen		404705109632909	Facebook	rw4	Last 4 weeks	BE	Belgium	1	1	1249	250	24	0
Opaline Meunier		1003984536437712	Facebook	rw4	Last 4 weeks	BE	Belgium	1	1	1248	249	24	0
T-Slim		432791153958836	Facebook	rw4	Last 4 weeks	BE	Belgium	2	1	1201	0	119	0
The Handbag Spa		112991265381435	Facebook	rw4	Last 4 weeks	BE	Belgium	2	1	1173	234	26	0
Students for Climate Maastricht		287999245216481	Facebook	rw4	Last 4 weeks	BE	Belgium	4	1	1061	500	15	0
GUE/NGL		164355333623231	Facebook	rw4	Last 4 weeks	BE	Belgium	3	1	1019	356	6	1
AEPAS		717155672011495	Facebook	rw4	Last 4 weeks	BE	Belgium	2	1	1016	0	100	0
Tuunes		992176580926495	Facebook	rw4	Last 4 weeks	BE	Belgium	4	1	1014	414	0	0
Valérie Glatigny	MR	387721968487506	Facebook	rw4	Last 4 weeks	BE	Belgium	1	1	999	0	99	0
Didrik - 48e candidat à la Région de Bruxelles	Didrik de Schaetzen	349509471801299	Facebook	rw4	Last 4 weeks	BE	Belgium	1	1	999	0	99	0
Sam Van de Putte	Van De Putte Sam	56415453436	Facebook	rw4	Last 4 weeks	BE	Belgium	1	1	999	0	99	0
Laura Hidalgo		264651430820445	Facebook	rw4	Last 4 weeks	BE	Belgium	1	1	999	0	99	0
Pieter Konings²	Konings Pieter	277457939649994	Facebook	rw4	Last 4 weeks	BE	Belgium	1	1	999	0	99	0
Tom Herremans	Herremans Tom Robert L	1013289718876034	Facebook	rw4	Last 4 weeks	BE	Belgium	1	1	999	0	99	0
Naher Arslan		522036571242432	Facebook	rw4	Last 4 weeks	BE	Belgium	1	1	999	0	99	0
Edwin Korver	Korver Edwin Hendrik	1026660687522073	Facebook	rw4	Last 4 weeks	BE	Belgium	1	1	999	0	99	0
Kenan Akyil		268876507340385	Facebook	rw4	Last 4 weeks	BE	Belgium	1	1	999	0	99	0
Jean-Albert Nyssens		129345197844371	Facebook	rw4	Last 4 weeks	BE	Belgium	1	1	999	0	99	0
Jonathan De Lathouwer - DéFi		2386902218010721	Facebook	rw4	Last 4 weeks	BE	Belgium	1	1	999	0	99	0
CDH Arr. du Centre	CDH - Centre Démocrate Humaniste	180515685456740	Facebook	rw4	Last 4 weeks	BE	Belgium	1	1	999	0	99	0
Vlaams Belang Zoersel		1644231522509042	Facebook	rw4	Last 4 weeks	BE	Belgium	1	1	999	0	99	0
Les amis du Petit Oranger		465797716822921	Facebook	rw4	Last 4 weeks	BE	Belgium	1	1	999	0	98	0
Afghanistan, hulp nodig om een schooltje te bouwen.		995671367259188	Facebook	rw4	Last 4 weeks	BE	Belgium	1	1	999	0	99	0
Soirées Blanchart		922175807819369	Facebook	rw4	Last 4 weeks	BE	Belgium	1	1	999	0	99	0
Annick Laloux-Ruelle		630009867450719	Facebook	rw4	Last 4 weeks	BE	Belgium	1	1	999	0	99	0
Luc Schepens		285177255756453	Facebook	rw4	Last 4 weeks	BE	Belgium	1	1	999	0	99	0
Plus d'avenir, de vie et de coeur pour tous à Rixensart		214280459287791	Facebook	rw4	Last 4 weeks	BE	Belgium	1	1	999	0	99	0
Merak nv		1039415686119643	Facebook	rw4	Last 4 weeks	BE	Belgium	1	1	999	0	99	0
Gbevile- Enfants De La Vie Asbl		755659637920123	Facebook	rw4	Last 4 weeks	BE	Belgium	1	1	999	0	88	0
Motoren en Toerisme		120152299602	Facebook	rw4	Last 4 weeks	BE	Belgium	1	1	999	0	99	0
Beedrop		908965252460295	Facebook	rw4	Last 4 weeks	BE	Belgium	1	1	999	0	99	0
Asbl-FREEDOM		225181031503153	Facebook	rw4	Last 4 weeks	BE	Belgium	1	1	999	0	99	0
Media Association of South-East Europe		102170563971504	Facebook	rw4	Last 4 weeks	BE	Belgium	1	1	999	0	88	0
Xytro		703407660061560	Facebook	rw4	Last 4 weeks	BE	Belgium	2	1	999	499	44	8
PSAnderlues		197214344323855	Facebook	rw4	Last 4 weeks	BE	Belgium	1	1	999	0	99	0
Wouter Liekens		1136815719832895	Facebook	rw4	Last 4 weeks	BE	Belgium	1	1	999	0	98	0
Volt België		1620310611353628	Facebook	rw4	Last 4 weeks	BE	Belgium	1	1	999	0	99	0
Jeunes cdH		307808479407829	Facebook	rw4	Last 4 weeks	BE	Belgium	1	1	999	0	99	0
MR - Mouvement Réformateur Ecaussinnes		963591637024421	Facebook	rw4	Last 4 weeks	BE	Belgium	1	1	999	0	99	0
Anita Pannebakker D66		581269312322294	Facebook	rw4	Last 4 weeks	BE	Belgium	1	1	999	0	99	0
Ik ben PRO		305618513615029	Facebook	rw4	Last 4 weeks	BE	Belgium	1	1	999	0	99	0
Stockholm Region EU Office		239519762815869	Facebook	rw4	Last 4 weeks	BE	Belgium	1	1	999	0	9	0
WNeedTools		209089213361388	Facebook	rw4	Last 4 weeks	BE	Belgium	1	1	999	0	88	0
SkyLive Media Culture		997105247344288	Facebook	rw4	Last 4 weeks	BE	Belgium	1	1	999	0	88	0
Aardgas - Le gaz naturel		229643553745788	Facebook	rw4	Last 4 weeks	BE	Belgium	1	1	999	0	99	0
Veronique Vervoort		285529825705746	Facebook	rw4	Last 4 weeks	BE	Belgium	1	1	999	0	88	0
Zimmo		103401039693751	Facebook	rw4	Last 4 weeks	BE	Belgium	1	1	999	0	99	0
vacature.com		219268707611	Facebook	rw4	Last 4 weeks	BE	Belgium	1	1	999	0	99	0
Ange-Raïssa Uzanziga		1986577834709014	Facebook	rw4	Last 4 weeks	BE	Belgium	1	1	998	0	98	0
Knack		77629766074	Facebook	rw4	Last 4 weeks	BE	Belgium	1	1	998	0	98	0
Lionel Bajart		416342682225563	Facebook	rw4	Last 4 weeks	BE	Belgium	1	1	998	0	98	0
Els Verté	Verté Elsje Martine	421879891957030	Facebook	rw4	Last 4 weeks	BE	Belgium	1	1	998	0	99	0
Christophe Calis		2396791870539800	Facebook	rw4	Last 4 weeks	BE	Belgium	2	1	998	0	99	0
NON Aux Éoliennes du Cronchamps		1797304970586061	Facebook	rw4	Last 4 weeks	BE	Belgium	1	1	997	0	98	0
EU Civil Protection & Humanitarian Aid - ECHO		146955527905	Facebook	rw4	Last 4 weeks	BE	Belgium	1	1	969	193	1	0
Intersolar		124579277563150	Facebook	rw4	Last 4 weeks	BE	Belgium	1	1	951	475	2	0
Gauche Patriote		2229821657074386	Facebook	rw4	Last 4 weeks	BE	Belgium	1	1	927	0	91	0
Anne Lambelin		331360213704247	Facebook	rw4	Last 4 weeks	BE	Belgium	1	1	909	454	9	0
Jean-Luc Papy		1719608998322344	Facebook	rw4	Last 4 weeks	BE	Belgium	1	1	908	0	90	0
Current Trends		1626571577598221	Facebook	rw4	Last 4 weeks	BE	Belgium	3	1	904	0	79	0
The Sunset		185673788911478	Facebook	rw4	Last 4 weeks	BE	Belgium	1	1	888	0	88	0
Exponea		437489159794764	Facebook	rw4	Last 4 weeks	BE	Belgium	11	1	868	15	79	0
Groen Beernem		124704394259491	Facebook	rw4	Last 4 weeks	BE	Belgium	1	1	817	0	81	0
N-VA Geetbets		123174224447926	Facebook	rw4	Last 4 weeks	BE	Belgium	1	1	806	0	79	0
Caron Sylvain		264604064306844	Facebook	rw4	Last 4 weeks	BE	Belgium	2	1	802	0	79	0
Ceramica.info		1677623205672969	Facebook	rw4	Last 4 weeks	BE	Belgium	2	1	800	97	40	0
Incozina - sociaal verzekeringsfonds en ondernemingsloket		1953552758308573	Facebook	rw4	Last 4 weeks	BE	Belgium	1	1	799	0	79	0
Κυριάκος Δομήνικος Χρυσίδης, Υποψήφιος Ευρωβουλευτής		972325586441188	Facebook	rw4	Last 4 weeks	BE	Belgium	5	1	778	152	16	0
WhyEurope		1790357474516500	Facebook	rw4	Last 4 weeks	BE	Belgium	2	1	777	155	2	0
Hoagard		331529506998997	Facebook	rw4	Last 4 weeks	BE	Belgium	7	1	755	276	3	0
Halewijn		1463481320547064	Facebook	rw4	Last 4 weeks	BE	Belgium	1	1	703	0	69	0
A Solution to Plastic Pollution - First International Online Summit		1098001547034272	Facebook	rw4	Last 4 weeks	BE	Belgium	3	1	689	139	2	0
Regards protestants		454207341304040	Facebook	rw4	Last 4 weeks	BE	Belgium	2	1	683	123	18	0
Antton Rönnholm	Rekilä Piia Annikki	575908612596562	Facebook	rw4	Last 4 weeks	BE	Belgium	1	1	681	0	67	0
Fast Visa		324980794221392	Facebook	rw4	Last 4 weeks	BE	Belgium	2	1	674	337	6	0
HK		133379014397	Facebook	rw4	Last 4 weeks	BE	Belgium	1	1	658	131	1	0
Albinisme: Née blanche de parents noirs		586296814844544	Facebook	rw4	Last 4 weeks	BE	Belgium	2	1	636	90	27	0
Cedrole		2056196017998413	Facebook	rw4	Last 4 weeks	BE	Belgium	1	1	624	125	11	0
Chronique Libre		113440438715089	Facebook	rw4	Last 4 weeks	BE	Belgium	1	1	616	123	10	0
Travel2Future		305489446782726	Facebook	rw4	Last 4 weeks	BE	Belgium	2	1	608	116	14	0
Chug Bottles		1781974005205686	Facebook	rw4	Last 4 weeks	BE	Belgium	1	1	594	297	0	0
Tunis Forum on Gender Equality		362993680952642	Facebook	rw4	Last 4 weeks	BE	Belgium	1	1	590	295	0	0
Daniel Freund	Bündnis 90 / Die Grünen Kreisverband Aachen	566872987051379	Facebook	rw4	Last 4 weeks	BE	Belgium	7	1	588	223	3	0
Pagn'Unik		205689353510884	Facebook	rw4	Last 4 weeks	BE	Belgium	2	1	570	0	56	0
La Libelle		766130173557711	Facebook	rw4	Last 4 weeks	BE	Belgium	1	1	532	0	52	0
Le Hors Humain		196064127074013	Facebook	rw4	Last 4 weeks	BE	Belgium	1	1	518	103	10	0
Guardian B2B		452752128144314	Facebook	rw4	Last 4 weeks	BE	Belgium	1	1	491	245	1	0
Vlaams Jeugd Parlement (VJP)		104651739611197	Facebook	rw4	Last 4 weeks	BE	Belgium	1	1	461	0	45	0
Gadgets Hype		373386893086224	Facebook	rw4	Last 4 weeks	BE	Belgium	1	1	460	92	4	0
Christian Ferdinand - tête de liste DÉFI Braine-l’Alleud		2139488749417271	Facebook	rw4	Last 4 weeks	BE	Belgium	1	1	454	90	9	0
PVDA Cultuur		1754196194702906	Facebook	rw4	Last 4 weeks	BE	Belgium	1	1	454	90	9	0
De Schakelaar		615731348538299	Facebook	rw4	Last 4 weeks	BE	Belgium	1	1	454	90	9	0
Femmes de droit		362348900835067	Facebook	rw4	Last 4 weeks	BE	Belgium	1	1	454	90	8	0
URCancillería		244098312307848	Facebook	rw4	Last 4 weeks	BE	Belgium	3	1	451	53	2	0
Birgit Sippel		319398621464329	Facebook	rw4	Last 4 weeks	BE	Belgium	1	1	445	89	8	0
Coup de pouce pour la planète - Un guide vers une nouvelle vision du monde		363925880862431	Facebook	rw4	Last 4 weeks	BE	Belgium	1	1	424	84	5	0
GRIP - Kom op voor inclusie		1024656630910224	Facebook	rw4	Last 4 weeks	BE	Belgium	1	1	399	0	39	0
Voices for Refugees - أصوات لأجل اللاجئين		1601274913421469	Facebook	rw4	Last 4 weeks	BE	Belgium	13	1	393	122	4	0
SV4IE		2246467545588430	Facebook	rw4	Last 4 weeks	BE	Belgium	1	1	391	195	0	0
AlternaWeb		1928282787425397	Facebook	rw4	Last 4 weeks	BE	Belgium	2	1	386	47	19	0
DEAD HOPE NY		1424859461068860	Facebook	rw4	Last 4 weeks	BE	Belgium	2	1	370	149	4	0
Censor		2159262341001758	Facebook	rw4	Last 4 weeks	BE	Belgium	2	1	369	0	32	0
Dr. Mohamed Elhachmi Hamdi د. محمد الهاشمي الحامدي		482273315273345	Facebook	rw4	Last 4 weeks	BE	Belgium	2	1	362	139	1	0
The Philadelphia Trumpet		119214224885253	Facebook	rw4	Last 4 weeks	BE	Belgium	5	1	361	62	9	0
Socialter		121693529673	Facebook	rw4	Last 4 weeks	BE	Belgium	2	1	358	71	5	0
Piraten Bezierk Osten		141480992729926	Facebook	rw4	Last 4 weeks	BE	Belgium	1	1	354	70	3	0
KoopjeTrends		320663351897554	Facebook	rw4	Last 4 weeks	BE	Belgium	8	1	347	57	11	0
Move To Canada Today		234584003764052	Facebook	rw4	Last 4 weeks	BE	Belgium	1	1	344	0	8	0
Center for European Integration Studies (ZEI)		144159745724379	Facebook	rw4	Last 4 weeks	BE	Belgium	1	1	330	165	0	0
Open Society Roma Initiatives		369567809754486	Facebook	rw4	Last 4 weeks	BE	Belgium	1	1	312	62	0	0
Edmund Stoffels		236209673780454	Facebook	rw4	Last 4 weeks	BE	Belgium	1	1	312	62	6	0
Free China Memes - Français		313498072473540	Facebook	rw4	Last 4 weeks	BE	Belgium	1	1	311	62	6	0
S&P Global		112495188784373	Facebook	rw4	Last 4 weeks	BE	Belgium	7	1	303	63	0	0
Great		267772723892978	Facebook	rw4	Last 4 weeks	BE	Belgium	1	1	279	139	0	0
World Transformation Movement		372125409639	Facebook	rw4	Last 4 weeks	BE	Belgium	3	1	279	23	11	0
Lassé de subir		1967354620180059	Facebook	rw4	Last 4 weeks	BE	Belgium	1	1	276	55	5	0
Mehmet Perinçek		1486871034897015	Facebook	rw4	Last 4 weeks	BE	Belgium	3	1	275	0	27	0
Je Me Lève Pour Un Congo Meilleur Demain.		2315123592080282	Facebook	rw4	Last 4 weeks	BE	Belgium	1	1	272	0	27	0
EIT InnoEnergy		344038838945608	Facebook	rw4	Last 4 weeks	BE	Belgium	4	1	271	86	1	0
Alberto Alemanno		179635265973968	Facebook	rw4	Last 4 weeks	BE	Belgium	1	1	269	53	0	0
Guitar Lovers		203855170399686	Facebook	rw4	Last 4 weeks	BE	Belgium	2	1	266	92	3	0
Parc Mediambiental de Gualba		700080433378943	Facebook	rw4	Last 4 weeks	BE	Belgium	1	1	258	0	25	0
Ege Deniz Yolları		263618431233010	Facebook	rw4	Last 4 weeks	BE	Belgium	1	1	257	51	0	0
YOGA BURN		146316959083110	Facebook	rw4	Last 4 weeks	BE	Belgium	3	1	256	51	2	0
Abdur-Raheem McCarthy (عبدالرحيم مكارثي)	One Ummah	163303980381013	Facebook	rw4	Last 4 weeks	BE	Belgium	1	1	254	50	2	0
Prince.sse si je veux		575754329423977	Facebook	rw4	Last 4 weeks	BE	Belgium	1	1	253	0	25	0
Tout va bien - officiel		1853789618247333	Facebook	rw4	Last 4 weeks	BE	Belgium	1	1	249	0	24	0
مفوضية اللاجئين		188842724507690	Facebook	rw4	Last 4 weeks	BE	Belgium	12	1	238	86	3	0
Fight For The Climate		773995546333686	Facebook	rw4	Last 4 weeks	BE	Belgium	2	1	238	0	23	0
Ambassador of Islam		2121543634600149	Facebook	rw4	Last 4 weeks	BE	Belgium	1	1	232	46	0	0
Lime Shop Online		790946694613780	Facebook	rw4	Last 4 weeks	BE	Belgium	10	1	232	38	7	0
NewsMavens		145218379355757	Facebook	rw4	Last 4 weeks	BE	Belgium	1	1	228	114	0	0
HLK		193828721124334	Facebook	rw4	Last 4 weeks	BE	Belgium	1	1	224	44	4	0
THE FIFTH COLLECTION		524624564286273	Facebook	rw4	Last 4 weeks	BE	Belgium	1	1	218	43	2	0
Kleopatra Sidiropoulou Υποψήφια Ευρωεκλογών με το Ποτάμι		272999270266817	Facebook	rw4	Last 4 weeks	BE	Belgium	4	1	207	9	18	0
Stanford Graduate School of Business		208357009185713	Facebook	rw4	Last 4 weeks	BE	Belgium	4	1	203	40	0	0
European Observatory for Non-Discrimination and Fundamental Rights		1103291363129845	Facebook	rw4	Last 4 weeks	BE	Belgium	1	1	200	0	19	0
CGTN Français		169799706487474	Facebook	rw4	Last 4 weeks	BE	Belgium	1	1	198	79	0	0
BuzzyRange		535807280265668	Facebook	rw4	Last 4 weeks	BE	Belgium	18	1	189	0	21	0
ONE		11055104471	Facebook	rw4	Last 4 weeks	BE	Belgium	1	1	189	37	0	0
EU Maritime & Fish		387573881345007	Facebook	rw4	Last 4 weeks	BE	Belgium	1	1	184	92	0	0
Sauvez le square Riga		1401418253310928	Facebook	rw4	Last 4 weeks	BE	Belgium	1	1	181	0	17	0
ParaqinOfficial		420328302103021	Facebook	rw4	Last 4 weeks	BE	Belgium	1	1	171	85	1	0
Expatica		206982432584	Facebook	rw4	Last 4 weeks	BE	Belgium	2	1	171	76	1	0
Huawei Europe		1709278142683543	Facebook	rw4	Last 4 weeks	BE	Belgium	1	1	170	85	0	0
Tipu Denis- Marian		512167018972166	Facebook	rw4	Last 4 weeks	BE	Belgium	1	1	165	82	0	0
RSM MBA		110428762358678	Facebook	rw4	Last 4 weeks	BE	Belgium	3	1	157	76	0	0
Miyinla		833383303686540	Facebook	rw4	Last 4 weeks	BE	Belgium	9	1	151	0	13	0
Yokogawa Deutschland GmbH		132187343520645	Facebook	rw4	Last 4 weeks	BE	Belgium	1	1	148	29	2	0
Ujhelyi István dr.	MSZP	734217673259088	Facebook	rw4	Last 4 weeks	BE	Belgium	3	1	146	73	0	0
Human Rights Tattoo		245416135560300	Facebook	rw4	Last 4 weeks	BE	Belgium	1	1	144	28	2	0
Soviet Visuals		1160495674016675	Facebook	rw4	Last 4 weeks	BE	Belgium	4	1	144	24	3	0
BetterMe		116700222203350	Facebook	rw4	Last 4 weeks	BE	Belgium	3	1	141	64	2	0
Tilburg University		157338687652903	Facebook	rw4	Last 4 weeks	BE	Belgium	1	1	137	68	1	0
EURACTIV		15299247059	Facebook	rw4	Last 4 weeks	BE	Belgium	1	1	132	26	0	0
Construction Climate Challenge		1421675261420283	Facebook	rw4	Last 4 weeks	BE	Belgium	3	1	130	26	0	0
Wildlife Angel		1626338680929107	Facebook	rw4	Last 4 weeks	BE	Belgium	1	1	129	0	12	0
Bolivie Aventura Cup		494776044058160	Facebook	rw4	Last 4 weeks	BE	Belgium	1	1	127	25	2	0
FriendlyTech		994466194092890	Facebook	rw4	Last 4 weeks	BE	Belgium	1	1	123	0	10	0
Jimmy Bastings	Bastings Jimmy Anna Hubertus	2262432790696805	Facebook	rw4	Last 4 weeks	BE	Belgium	2	1	118	18	4	0
FORMIdea News		107317189618881	Facebook	rw4	Last 4 weeks	BE	Belgium	1	1	117	0	13	0
Veritium		278192613003339	Facebook	rw4	Last 4 weeks	BE	Belgium	2	1	113	22	2	0
THTC - The Hemp Trading Company		30239959348	Facebook	rw4	Last 4 weeks	BE	Belgium	4	1	111	42	2	0
Unify and Grow		1510734798940846	Facebook	rw4	Last 4 weeks	BE	Belgium	2	1	109	0	9	0
SOS Chrétiens d'Orient		849381381745983	Facebook	rw4	Last 4 weeks	BE	Belgium	2	1	108	0	10	0
2pass		1023310297726205	Facebook	rw4	Last 4 weeks	BE	Belgium	1	1	107	21	1	0
UNICEF Europe & Central Asia		373536278864	Facebook	rw4	Last 4 weeks	BE	Belgium	1	1	105	42	0	0
DP - Demokratesch Partei	DP - Demokratesch Partei	280875378609326	Facebook	rw4	Last 4 weeks	BE	Belgium	4	1	104	49	0	0
Greenpeace Luxembourg		67370457805	Facebook	rw4	Last 4 weeks	BE	Belgium	1	1	101	20	0	0
VoteEuropa Nederland	Lacsamana Marlon Toledo	373618906826123	Facebook	rw4	Last 4 weeks	BE	Belgium	1	1	99	19	0	0
Voyant Médium Elemiah		295326211345064	Facebook	rw4	Last 4 weeks	BE	Belgium	1	1	95	0	8	0
France Fraternités		200607067033021	Facebook	rw4	Last 4 weeks	BE	Belgium	1	1	94	37	0	0
Karoline Edtstadler	Salzburger Volkspartei	1580540041983231	Facebook	rw4	Last 4 weeks	BE	Belgium	6	1	89	17	1	0
Campact e.V.	Campact e.V.	82734241364	Facebook	rw4	Last 4 weeks	BE	Belgium	2	1	84	32	0	0
Apoapse Pro		502017153537728	Facebook	rw4	Last 4 weeks	BE	Belgium	1	1	83	0	7	0
Méditenfleurs		422152764616642	Facebook	rw4	Last 4 weeks	BE	Belgium	1	1	79	0	7	0
Spread Hope		2340283249583578	Facebook	rw4	Last 4 weeks	BE	Belgium	1	1	76	0	6	0
TRT World		1559901027613381	Facebook	rw4	Last 4 weeks	BE	Belgium	1	1	75	37	0	0
Beijing Tourism		442672999178128	Facebook	rw4	Last 4 weeks	BE	Belgium	1	1	73	14	0	0
Yannis Gautier		279668295465753	Facebook	rw4	Last 4 weeks	BE	Belgium	1	1	72	36	0	0
Noosworks.com		405566173606704	Facebook	rw4	Last 4 weeks	BE	Belgium	1	1	70	14	1	0
Get The Trolls Out		858018134275978	Facebook	rw4	Last 4 weeks	BE	Belgium	1	1	70	35	0	0
YOU.and.EU		250361215678222	Facebook	rw4	Last 4 weeks	BE	Belgium	1	1	68	13	0	0
Routledge Politics, IR and Strategic Studies		59321208735	Facebook	rw4	Last 4 weeks	BE	Belgium	1	1	68	13	1	0
My H20n		409665236257906	Facebook	rw4	Last 4 weeks	BE	Belgium	8	1	68	0	6	0
Bluthopia		531382014049309	Facebook	rw4	Last 4 weeks	BE	Belgium	13	1	68	0	6	0
FDP	FDP	21289227249	Facebook	rw4	Last 4 weeks	BE	Belgium	22	1	64	20	0	0
Straw Of Steel		2304645696263363	Facebook	rw4	Last 4 weeks	BE	Belgium	4	1	64	12	1	0
Chris's Goods		2746149608745019	Facebook	rw4	Last 4 weeks	BE	Belgium	1	1	63	12	1	0
Jenk Oz		1368130286591310	Facebook	rw4	Last 4 weeks	BE	Belgium	1	1	59	29	0	0
Last Stop Brexit		820489154977103	Facebook	rw4	Last 4 weeks	BE	Belgium	1	1	58	11	0	0
KuSakurashop		747190381996649	Facebook	rw4	Last 4 weeks	BE	Belgium	2	1	57	0	0	0
Open Society Foundations		18983389920	Facebook	rw4	Last 4 weeks	BE	Belgium	4	1	48	4	2	0
Ośrodek Monitorowania Zachowań Rasistowskich i Ksenofobicznych		137358556439286	Facebook	rw4	Last 4 weeks	BE	Belgium	1	1	46	9	0	0
Ticalm.com		956222737885591	Facebook	rw4	Last 4 weeks	BE	Belgium	1	1	45	9	0	0
Greek Energy Forum		225604584315066	Facebook	rw4	Last 4 weeks	BE	Belgium	2	1	45	9	1	0
Official: Uppsala Reggae Festival		754081171435181	Facebook	rw4	Last 4 weeks	BE	Belgium	1	1	45	9	0	0
Social Plastic		486324651440186	Facebook	rw4	Last 4 weeks	BE	Belgium	2	1	43	0	2	0
Council of Europe - Directorate General Human Rights and Rule of Law		315160671967064	Facebook	rw4	Last 4 weeks	BE	Belgium	3	1	42	14	0	0
YELOPINKO		410164636218216	Facebook	rw4	Last 4 weeks	BE	Belgium	1	1	41	0	4	0
Euractiv Deutschland		108761046312	Facebook	rw4	Last 4 weeks	BE	Belgium	1	1	36	18	0	0
EU Citizens Alliance		1122069994636814	Facebook	rw4	Last 4 weeks	BE	Belgium	2	1	35	12	0	0
Eldritch Foundry		333726374024339	Facebook	rw4	Last 4 weeks	BE	Belgium	1	1	32	6	0	0
Better Straw		333257970712936	Facebook	rw4	Last 4 weeks	BE	Belgium	2	1	31	0	2	0
Golden Renewable Energy		1256218774533782	Facebook	rw4	Last 4 weeks	BE	Belgium	2	1	31	6	0	0
BenzoFrame		1781685938801295	Facebook	rw4	Last 4 weeks	BE	Belgium	1	1	30	6	0	0
Mon Homéo Mon Choix		1643185362449069	Facebook	rw4	Last 4 weeks	BE	Belgium	5	1	30	13	0	0
Watt the Fish - le film		2026501054111756	Facebook	rw4	Last 4 weeks	BE	Belgium	2	1	29	5	0	0
RIS - Socially RISponsible		378452422967331	Facebook	rw4	Last 4 weeks	BE	Belgium	2	1	29	1	2	0
Schimbarea in politica		1376495612426388	Facebook	rw4	Last 4 weeks	BE	Belgium	1	1	29	0	0	0
Odin		548799562209914	Facebook	rw4	Last 4 weeks	BE	Belgium	2	1	27	0	2	0
Orbex		1415953441956155	Facebook	rw4	Last 4 weeks	BE	Belgium	1	1	27	5	0	0
Russian International Affairs Council		203870889756783	Facebook	rw4	Last 4 weeks	BE	Belgium	1	1	27	5	0	0
Andreas Schieder	SPÖ	290881691011354	Facebook	rw4	Last 4 weeks	BE	Belgium	2	1	26	5	0	0
Collectif : Féministes contre le cyberharcèlement		1026099724099181	Facebook	rw4	Last 4 weeks	BE	Belgium	6	1	26	11	0	0
FDP NRW	FDP NRW	282800387209	Facebook	rw4	Last 4 weeks	BE	Belgium	1	1	26	5	0	0
Yann GUILLARME		99226432071	Facebook	rw4	Last 4 weeks	BE	Belgium	1	1	26	5	0	0
Liberal Democrats	the Liberal Democrats	5883973269	Facebook	rw4	Last 4 weeks	BE	Belgium	9	1	25	6	0	0
My Pride Wear		1084277381757746	Facebook	rw4	Last 4 weeks	BE	Belgium	2	1	25	0	2	0
Intimina		127412964006704	Facebook	rw4	Last 4 weeks	BE	Belgium	2	1	25	7	0	0
Gentle Dental Clinic Crete		387716078000099	Facebook	rw4	Last 4 weeks	BE	Belgium	2	1	25	3	0	0
Talyna		298393134337227	Facebook	rw4	Last 4 weeks	BE	Belgium	1	1	24	4	0	0
EQUA		150066411717094	Facebook	rw4	Last 4 weeks	BE	Belgium	1	1	24	4	0	0
Ocean Witness		1260352987396236	Facebook	rw4	Last 4 weeks	BE	Belgium	1	1	24	4	0	0
Happy and healthy daily life		253725041894331	Facebook	rw4	Last 4 weeks	BE	Belgium	1	1	23	4	0	0
Henk Jan Ormel	CDA	823537391322678	Facebook	rw4	Last 4 weeks	BE	Belgium	1	1	21	4	0	0
Ecosia		177765836610	Facebook	rw4	Last 4 weeks	BE	Belgium	1	1	21	0	1	0
OWTE Oil Limited		813090985707060	Facebook	rw4	Last 4 weeks	BE	Belgium	2	1	21	4	0	0
EUROPE DIRECT Aachen		106835062686986	Facebook	rw4	Last 4 weeks	BE	Belgium	1	1	19	3	0	0
Take-Pride		632465997194870	Facebook	rw4	Last 4 weeks	BE	Belgium	2	1	18	0	1	0
Remix News & Views		243686272917389	Facebook	rw4	Last 4 weeks	BE	Belgium	3	1	18	3	0	0
Cornel Radu Loghin	RADU-LOGHIN CORNEL	429437337859107	Facebook	rw4	Last 4 weeks	BE	Belgium	1	1	17	3	0	0
Lettuce Networks		323302384460728	Facebook	rw4	Last 4 weeks	BE	Belgium	1	1	17	0	1	0
pro aurum Kilchberg ZH		258246284700914	Facebook	rw4	Last 4 weeks	BE	Belgium	3	1	17	3	0	0
Partij van de Arbeid (PvdA)	Partij van de Arbeid (PvdA)	113895885305052	Facebook	rw4	Last 4 weeks	BE	Belgium	1	1	16	0	1	0
Bio-S-TEAM		511720019019891	Facebook	rw4	Last 4 weeks	BE	Belgium	1	1	16	3	0	0
Minnesota House DFL Campaign	the DFL House Caucus, 255 East Plato Blvd, Saint Paul, MN 55107.	405346683155169	Facebook	rw4	Last 4 weeks	BE	Belgium	3	1	15	0	1	0
Alpine Garden Society		239451772739772	Facebook	rw4	Last 4 weeks	BE	Belgium	1	1	15	7	0	0
OORR		1430166597249916	Facebook	rw4	Last 4 weeks	BE	Belgium	7	1	15	0	0	0
Genialbau Klub		1852419151474650	Facebook	rw4	Last 4 weeks	BE	Belgium	2	1	15	3	0	0
KTREW Tattoo		325901597566419	Facebook	rw4	Last 4 weeks	BE	Belgium	1	1	14	2	0	0
IG BCE Jugend Nordrhein	IG BCE Landesbezirk Nordrhein	124363604315424	Facebook	rw4	Last 4 weeks	BE	Belgium	3	1	12	6	0	0
Parkstad Limburg Theaters		227796293909351	Facebook	rw4	Last 4 weeks	BE	Belgium	1	1	12	0	1	0
Transylvania NOW		1067238850277845	Facebook	rw4	Last 4 weeks	BE	Belgium	1	1	12	0	1	0
Youmooda		1020043128061938	Facebook	rw4	Last 4 weeks	BE	Belgium	1	1	11	2	0	0
Mary Beth West		92056987706	Facebook	rw4	Last 4 weeks	BE	Belgium	1	1	11	5	0	0
Vicenza Pride		208758469330868	Facebook	rw4	Last 4 weeks	BE	Belgium	1	1	11	2	0	0
Acamar Analysis and Consulting		192597328320978	Facebook	rw4	Last 4 weeks	BE	Belgium	1	1	10	2	0	0
Bestforyou6		2234509846791274	Facebook	rw4	Last 4 weeks	BE	Belgium	1	1	10	0	0	0
Afrikcaraibmontreal		1436363513264474	Facebook	rw4	Last 4 weeks	BE	Belgium	2	1	10	3	0	0
UNICEF France		173159234432	Facebook	rw4	Last 4 weeks	BE	Belgium	7	1	10	4	0	0
Magazzini Fotografici		414695121988569	Facebook	rw4	Last 4 weeks	BE	Belgium	1	1	10	2	0	0
Master Chef Universal		279581679340572	Facebook	rw4	Last 4 weeks	BE	Belgium	1	1	9	1	0	0
Sustainability Times		214303005827359	Facebook	rw4	Last 4 weeks	BE	Belgium	1	1	9	4	0	0
Biocoop Saveurs et Saisons	Harold Damien Tiberghien	949438251766895	Facebook	rw4	Last 4 weeks	BE	Belgium	1	1	8	1	0	0
DIE LINKE	DIE LINKE	47694585682	Facebook	rw4	Last 4 weeks	BE	Belgium	4	1	8	1	0	0
Oxfam Novib		115289021825188	Facebook	rw4	Last 4 weeks	BE	Belgium	4	1	8	4	0	0
Asia Youth International MUN		1418847414842462	Facebook	rw4	Last 4 weeks	BE	Belgium	1	1	8	0	0	0
Schwarzkopf Professional		150101695010185	Facebook	rw4	Last 4 weeks	BE	Belgium	1	1	8	4	0	0
Academic Stories		1462157503898233	Facebook	rw4	Last 4 weeks	BE	Belgium	1	1	7	1	0	0
Piraten Lëtzebuerg		183148710560	Facebook	rw4	Last 4 weeks	BE	Belgium	1	1	7	3	0	0
Médecins Sans Frontières		154912951193067	Facebook	rw4	Last 4 weeks	BE	Belgium	2	1	7	1	0	0
Détours		1665144753702328	Facebook	rw4	Last 4 weeks	BE	Belgium	1	1	6	3	0	0
The Bellas		395502277694859	Facebook	rw4	Last 4 weeks	BE	Belgium	1	1	5	0	0	0
Ivan Štefunko • Progresívne Slovensko		1664533523674012	Facebook	rw4	Last 4 weeks	BE	Belgium	1	1	5	0	0	0
Stephen Webster		237837336581	Facebook	rw4	Last 4 weeks	BE	Belgium	1	1	5	2	0	0
African Union USA		507866149701811	Facebook	rw4	Last 4 weeks	BE	Belgium	1	1	5	2	0	0
Gift & Love		415157892375529	Facebook	rw4	Last 4 weeks	BE	Belgium	1	1	4	0	0	0
Femtec		190723057632643	Facebook	rw4	Last 4 weeks	BE	Belgium	1	1	4	2	0	0
Christof Catlin		694707690602444	Facebook	rw4	Last 4 weeks	BE	Belgium	1	1	4	2	0	0
EifelDrei.TV		500103816810437	Facebook	rw4	Last 4 weeks	BE	Belgium	1	1	4	2	0	0
ExploitsMotivation		639724966206723	Facebook	rw4	Last 4 weeks	BE	Belgium	1	1	4	0	0	0
Progresívne Slovensko	Progresívne Slovensko	557862947737785	Facebook	rw4	Last 4 weeks	BE	Belgium	1	1	3	0	0	0
Trenzie		741795469501559	Facebook	rw4	Last 4 weeks	BE	Belgium	1	1	3	0	0	0
Volt Deutschland	Volt Deutschland	134209407129787	Facebook	rw4	Last 4 weeks	BE	Belgium	1	1	3	0	0	0
Jean Claude Manzueto		331265826931063	Facebook	rw4	Last 4 weeks	BE	Belgium	1	1	3	1	0	0
DP-Norden	DP-Norden	133967696651305	Facebook	rw4	Last 4 weeks	BE	Belgium	1	1	3	0	0	0
Psoe Llanes		604271292984767	Facebook	rw4	Last 4 weeks	BE	Belgium	1	1	3	1	0	0
Shurat HaDin - Israel Law Center		709491732434343	Facebook	rw4	Last 4 weeks	BE	Belgium	1	1	3	0	0	0
Newired		267979246961885	Facebook	rw4	Last 4 weeks	BE	Belgium	1	1	3	0	0	0
Dansk.nl		39128216655	Facebook	rw4	Last 4 weeks	BE	Belgium	2	1	3	0	0	0
Rdcongovip		384108671730536	Facebook	rw4	Last 4 weeks	BE	Belgium	1	1	3	0	0	0
Europa Anno Zero		308939363141901	Facebook	rw4	Last 4 weeks	BE	Belgium	1	1	3	0	0	0
Seven Clean Seas		425855964577344	Facebook	rw4	Last 4 weeks	BE	Belgium	1	1	3	0	0	0
Roma EuroGames 2019		533740653459100	Facebook	rw4	Last 4 weeks	BE	Belgium	1	1	3	1	0	0
Pablo Lapi  - Human Rights		160375627311304	Facebook	rw4	Last 4 weeks	BE	Belgium	1	1	3	0	0	0
Wido		537999066677620	Facebook	rw4	Last 4 weeks	BE	Belgium	1	1	3	0	0	0
Greyhound cafe		68799690218	Facebook	rw4	Last 4 weeks	BE	Belgium	2	1	3	0	0	0
Solar Impulse		187539851277198	Facebook	rw4	Last 4 weeks	BE	Belgium	1	1	3	1	0	0
APMS Engineering		268331613219255	Facebook	rw4	Last 4 weeks	BE	Belgium	1	1	3	1	0	0
ÖDP Nordrhein-Westfalen	Ökologisch-Demokratische Partei (ÖDP) NRW	138480036196810	Facebook	rw4	Last 4 weeks	BE	Belgium	1	1	2	1	0	0
VoteEuropa - France		2031732090462417	Facebook	rw4	Last 4 weeks	BE	Belgium	1	1	2	0	0	0
Daily News Hungary		568066993228876	Facebook	rw4	Last 4 weeks	BE	Belgium	1	1	2	0	0	0
Mark Odeke Ministries		1644922305826530	Facebook	rw4	Last 4 weeks	BE	Belgium	1	1	2	0	0	0
Trang Banana		575840966122462	Facebook	rw4	Last 4 weeks	BE	Belgium	1	1	2	0	0	0
Soins SwaGG et Belles Congolaises(242)		262703927113725	Facebook	rw4	Last 4 weeks	BE	Belgium	1	1	2	1	0	0
Certificat d'economie d'energie		2278382835751308	Facebook	rw4	Last 4 weeks	BE	Belgium	3	1	2	0	0	0
Ustinoff ART		371233050332751	Facebook	rw4	Last 4 weeks	BE	Belgium	1	1	2	1	0	0
Schlachthof Wiesbaden		128431033877314	Facebook	rw4	Last 4 weeks	BE	Belgium	1	1	2	0	0	0
Mouvement Européen Pas de Calais		217485434981529	Facebook	rw4	Last 4 weeks	BE	Belgium	1	1	2	0	0	0
Charles Goerens		441313569220539	Facebook	rw4	Last 4 weeks	BE	Belgium	1	1	2	0	0	0
350.org		12185972707	Facebook	rw4	Last 4 weeks	BE	Belgium	1	1	2	0	0	0
Burelbach Immobilien		243135569564978	Facebook	rw4	Last 4 weeks	BE	Belgium	1	1	2	0	0	0
The Charity for Civil Servants		216978845071240	Facebook	rw4	Last 4 weeks	BE	Belgium	2	1	2	0	0	0
Biznesa Vadības Koledža		411194435558787	Facebook	rw4	Last 4 weeks	BE	Belgium	1	1	2	0	0	0
ITC's Market Analysis Tools		307619925937720	Facebook	rw4	Last 4 weeks	BE	Belgium	1	1	2	1	0	0
Raimond Kaljulaid	Raimond Kaljulaid	1084372461606422	Facebook	rw4	Last 4 weeks	BE	Belgium	1	1	1	0	0	0
Пряка демокрация (direct democracy) - правата и как да си ги вземем		240258259381838	Facebook	rw4	Last 4 weeks	BE	Belgium	1	1	1	0	0	0
PNL Diaspora		215610252346661	Facebook	rw4	Last 4 weeks	BE	Belgium	1	1	1	0	0	0
Fort Financial Services		1504287049805893	Facebook	rw4	Last 4 weeks	BE	Belgium	1	1	1	0	0	0
SHS International Consulting		405410626956160	Facebook	rw4	Last 4 weeks	BE	Belgium	1	1	1	0	0	0
The Muslim Vibe		307180642770277	Facebook	rw4	Last 4 weeks	BE	Belgium	1	1	1	0	0	0
Stichting Vluchteling		120034538112114	Facebook	rw4	Last 4 weeks	BE	Belgium	1	1	1	0	0	0
Young Europe is Voting		2185639191504586	Facebook	rw4	Last 4 weeks	BE	Belgium	1	1	1	0	0	0
Schmeckt Richtig		943698425669936	Facebook	rw4	Last 4 weeks	BE	Belgium	1	1	1	0	0	0
TaxEduportal		828411763950694	Facebook	rw4	Last 4 weeks	BE	Belgium	1	1	1	0	0	0
Daniel C Juster Official		199307546902179	Facebook	rw4	Last 4 weeks	BE	Belgium	1	1	1	0	0	0
Mon épargne et moi		201716123952571	Facebook	rw4	Last 4 weeks	BE	Belgium	1	1	1	0	0	0
Alfa Laval		171132542929029	Facebook	rw4	Last 4 weeks	BE	Belgium	2	1	1	0	0	0
CCFD-Terre Solidaire		112547358788607	Facebook	rw4	Last 4 weeks	BE	Belgium	1	1	0	0	0	0
Kardinal Christoph Schönborn		377374578988880	Facebook	rw4	Last 4 weeks	BE	Belgium	1	1	0	0	0	0
EuroCité		108751529173000	Facebook	rw4	Last 4 weeks	BE	Belgium	1	1	0	0	0	0
CATALYST.cm		195561910471475	Facebook	rw4	Last 4 weeks	BE	Belgium	1	1	0	0	0	0
BilinguaSing		1531132027099192	Facebook	rw4	Last 4 weeks	BE	Belgium	1	1	0	0	0	0
Radio Chine Internationale		438443612916112	Facebook	rw4	Last 4 weeks	BE	Belgium	1	1	0	0	0	0
АллатРа ТВ		468944153190776	Facebook	rw4	Last 4 weeks	BE	Belgium	1	1	0	0	0	0
Helping Hands for Underprivileged Schools		354530518737402	Facebook	rw4	Last 4 weeks	BE	Belgium	1	1	0	0	0	0
Kysal		566879043744641	Facebook	rw4	Last 4 weeks	BE	Belgium	1	1	0	0	0	0
Friends of the Earth International		12410115279	Facebook	rw4	Last 4 weeks	BE	Belgium	1	1	0	0	0	0
forum - für Politik, Gesellschaft und Kultur		424639920972207	Facebook	rw4	Last 4 weeks	BE	Belgium	1	1	0	0	0	0
Dunya News Kharian		395682164348065	Facebook	rw4	Last 4 weeks	BE	Belgium	1	1	0	0	0	0
Vandebron		263935850440177	Facebook	rw4	Last 4 weeks	BE	Belgium	1	1	0	0	0	0
Déi Konservativ		235829416883581	Facebook	rw4	Last 4 weeks	BE	Belgium	1	1	0	0	0	0
